-3.786919206777434720e-04
9.295947895073020410e-04
3.894392551840411033e-04
-6.024764190171190669e-05
-1.937789708563680369e-04
2.038278324280617146e-04
9.819622620260612909e-04
-3.253421071037186380e-04
1.014712897853203974e-03
5.084051816379676556e-04
-3.110293467251921701e-04
1.387187638252477357e-03
1.461635114596702327e-04
1.165106269257313231e-03
6.651567991901070767e-04
1.273371163043491715e-04
6.363509842384731030e-04
5.239147625054393215e-05
7.639911165315686802e-04
3.768108947607751212e-04
1.192874910820301008e-04
1.801573069215003573e-04
-4.033780407567216461e-04
-4.052142351076554443e-04
1.417017559011613708e-03
-9.090348607817382574e-05
-1.715374607719089982e-04
9.371409754072467695e-04
8.165598801896529471e-04
6.232000707429390367e-04
3.686984106140870563e-05
1.260521296722004296e-03
-1.717686506786329488e-04
1.240736636942263568e-03
1.434267336924854907e-03
8.080970202620348054e-04
9.044586588865968866e-04
1.330170822116054472e-04
-2.723043958200801226e-04
4.140583665283252541e-05
8.231151550170526026e-04
8.311071926621025089e-04
9.865777983016047088e-04
1.143731274638460022e-03
2.049758610842449859e-04
-1.681854519545360823e-04
6.185877544740218644e-04
8.287466776161312798e-04
8.223429757353867969e-04
3.347012439159215516e-04
9.174511621422791040e-04
7.412234235078234840e-04
1.369682773556751745e-03
7.588868726243263793e-04
4.733538138968334261e-04
1.383793280102226702e-03
1.498378696784295055e-03
1.170411169786516524e-04
6.256060284232175693e-04
1.108404829399138678e-03
1.469160551830189137e-03
4.054422643548762583e-04
5.530871657241932240e-04
1.287250600181243662e-03
-2.654400546746168640e-04
1.326291524222197177e-03
1.241013241639704135e-03
-4.162422080595367118e-04
6.872183668744262031e-04
-1.553325649313584981e-04
-1.380015833763622820e-04
8.247545458661028868e-04
5.836601338835658605e-04
1.103545782431750432e-04
-3.887581567993008184e-04
7.228291807539500300e-04
1.947112413500660987e-04
1.097164418905757847e-04
-1.150603744078793468e-04
1.393615435050023742e-03
1.038039023102872629e-03
8.835134131439082404e-04
-4.858523492640907352e-04
1.773288818924308269e-05
6.475237939896034490e-04
2.713827237383652159e-04
1.106208878753700683e-03
3.042458023252973169e-04
1.488855897048431279e-03
8.368524951092006165e-04
7.207987027689948326e-04
2.437398362947097036e-04
6.751841108719343603e-04
9.992852887304034485e-04
6.691015766511916032e-04
1.008482099139114234e-03
1.050634870140382433e-03
-3.880848714148193925e-04
-4.971342848991083070e-04
1.562015693760694874e-03
-1.150799807844540528e-05
1.129768747472388417e-03
-8.076582541941130491e-05
1.302150904142969443e-03
-1.234847474450976083e-05
1.280562368990041276e-03
1.191723207063075021e-03
-7.188707727790085973e-05
1.344319119445943657e-03
3.722361331966179249e-04
1.286264296170775475e-03
1.245208278324243679e-03
7.640641609266313498e-04
4.570051571989241449e-04
8.340701128948845369e-04
1.144557239526382709e-03
3.600438553921272425e-04
1.356500980166126932e-03
1.475433676303422722e-03
4.703053795729859074e-04
-4.202687107577711694e-04
2.593256516411243900e-04
1.256663562764973822e-03
4.012052964905512046e-04
1.330294622631104972e-03
2.000983106997933478e-04
1.218399540808429507e-03
-3.730042281308346662e-05
1.062633493740202913e-03
6.399604517689686618e-04
-4.368228972694050021e-04
6.963452627634002462e-04
9.845289532987269894e-05
2.393727945061667874e-04
-4.304388499757659872e-04
1.010270307015522992e-03
-3.930189458889020589e-04
3.772893050404538327e-04
-3.646926617023168115e-04
1.380251875238416772e-04
1.464562726882461647e-04
3.150851170864709945e-04
-4.286013252002687573e-04
8.379842003991710584e-04
1.009733327543883364e-03
-3.920998630122676885e-04
4.867005505195873944e-04
1.410005188814928952e-03
2.437812211058438009e-04
1.204055545700951377e-04
1.059619909756997526e-03
2.470786475806533214e-06
9.605076736815279731e-04
-3.053141828891096162e-04
1.030413591460799597e-03
-2.393081696111693272e-04
1.100606234057543596e-04
-1.527327350399625854e-04
-3.200928689677888088e-05
-4.709510203442284154e-04
6.583800284763924359e-04
6.103108939001164468e-04
3.185096105954837568e-04
5.402203715218837883e-04
7.156470406968659355e-04
-3.748772040055153572e-04
3.307633349419346927e-05
2.860916055167297837e-04
3.013255509098895042e-04
-2.346393518653279724e-04
4.580116808801847289e-04
1.238320789858413269e-03
-9.387746452704291244e-05
6.224124638049997535e-04
3.639028283708951937e-04
3.170854582921549215e-04
2.300670466925681381e-04
5.393631952524998840e-04
-3.957913615982904193e-04
5.836943660457261454e-05
7.636834003620433494e-04
1.060811429968660981e-03
4.190915942806656828e-05
2.324259139513130663e-04
1.202233433053111634e-03
-2.894361605093594912e-05
1.126880090010243642e-03
-2.501858851257910115e-04
1.285884517185093738e-03
3.040252380788727822e-04
1.249441042224646746e-03
1.144808130616743096e-03
1.161638875827779435e-03
2.289155147638170752e-04
-2.307262571131778075e-04
1.050257961371820229e-03
2.639510398365105086e-04
-6.562379118304784717e-05
-4.035343969233699205e-04
1.256250593701979060e-03
2.312342268987227403e-04
-3.923110698264919245e-04
4.085961625864026228e-04
-3.066959968580290695e-04
-6.764922542620092883e-05
4.398392637859765975e-04
7.289880772318126003e-04
1.442581323617255894e-03
2.168308723398588999e-04
4.880104781478332150e-04
3.186407571381202376e-04
-3.255096414781555097e-04
5.543093894489112793e-04
9.150562266740909848e-04
9.267733969125481691e-04
1.106335477817107669e-03
3.926731755957982230e-04
1.285897557124062200e-03
1.290056267208830728e-03
-3.565445376731198198e-04
-4.461781035818320048e-04
2.013043450992307902e-04
4.422952757115675019e-05
5.798986027257280748e-04
2.536174909417063771e-04
5.942418360330078151e-04
1.199131834696243529e-03
1.972485439986346244e-04
3.802150643541093262e-04
1.231432124357580951e-04
-3.208223152880902988e-04
2.520739610815271982e-04
1.463484163912316368e-04
-1.447854875291081252e-04
1.000339225741440831e-04
3.043137973123884464e-05
-1.287243644904991803e-04
-9.558100641402580988e-05
1.197058255437221264e-03
3.361782454779589429e-04
1.972469651646391168e-04
1.204081270138076696e-03
1.212532558499019707e-03
2.778178211033370971e-04
1.311951787207275713e-03
1.033092427644619797e-03
1.298185000191474968e-03
9.821441959006018459e-04
7.873949409912606775e-04
3.758738417553200532e-04
-9.720943281867115921e-05
4.447377306397001166e-04
1.084715757900568136e-04
5.901985393833392114e-04
5.744146296619406225e-04
9.503325767780650005e-04
2.182713101654495827e-04
8.450030318055690159e-04
1.319327598141447960e-03
-3.176931026890084152e-04
-2.582021702972422559e-04
1.013913916443619093e-03
1.205893042475822755e-03
7.939853815163994003e-04
8.787247506890625594e-04
-7.733812016122286080e-05
1.170624110586168144e-03
-1.020103628689666937e-04
1.513519913046453610e-03
2.347382134178337674e-04
-2.152175836916487488e-04
1.125698131581104365e-03
9.919973975166527288e-04
1.210397338693732124e-03
1.153408493090491479e-03
-4.991580504766468225e-04
-2.389617594987955790e-04
4.506399573975991535e-04
8.450136272802886202e-04
-3.150265448289709357e-04
6.695165018817898078e-04
1.152536020317622596e-03
2.420425777382331604e-04
1.551006523325545615e-03
1.134572456662287119e-03
2.029618574020793315e-04
6.349743168896122706e-04
6.477979837040536305e-04
1.103648519753873880e-03
2.641296861057739658e-04
-1.567126913336653769e-04
8.960382273777001529e-04
-3.944269532396137840e-04
1.168050289939987288e-03
9.988136450524964772e-07
5.279881381446249310e-04
-9.791812357512109000e-05
1.517844548934384457e-03
1.045064734120125212e-03
1.349510253203413911e-03
1.031686446467239456e-03
8.830325212569781852e-04
1.165889815275735191e-03
4.459246834468592142e-04
-4.027937485960607139e-04
1.033121839447646937e-03
3.246436641904692816e-04
3.101635370770413334e-05
-2.196131322622852300e-04
1.491569339197714936e-04
7.431865181069405519e-04
-3.529284670025720227e-05
3.943845164765518579e-05
8.403078680196900238e-06
-2.240907872078187649e-04
1.366722149507433029e-04
5.326695753745992485e-04
5.186951794711012901e-04
5.901073739447522046e-04
-9.413839530536840768e-05
-1.804517037931899161e-04
8.500906842220862843e-04
7.701858744438598234e-04
7.901288439845138628e-04
3.622572730647606880e-04
-4.400623330604151739e-05
8.868815386490514234e-04
1.401267449791997795e-03
-1.424378899478478152e-05
1.703529015976576683e-04
-2.008627390271013448e-04
1.440685077506177834e-03
1.364426827694998658e-03
-3.531737293980262188e-04
6.321366905848107383e-04
-2.911252860290814305e-04
-4.177203475794493857e-04
1.399822701635806098e-03
-2.356755115710154982e-04
2.460933231083988859e-04
1.372967082904404590e-03
1.195531463260901105e-03
2.491294293523145043e-04
5.042105546638622022e-04
4.058596106168534177e-04
1.336197882382398174e-03
-3.926111459642989826e-04
6.475961850243861775e-04
6.846884936346471842e-04
4.451243128001288732e-04
1.210366677891484095e-03
1.350880714436485499e-03
1.228663369032035246e-03
1.476208293672681671e-04
1.124167678368038310e-03
-5.207740740371339522e-05
6.188844699313944629e-04
-4.097972957952503202e-04
1.310386266537344902e-03
1.200574990717173706e-03
5.823137242621686778e-04
1.027553272531195371e-03
1.321074373083452142e-03
1.101929910716767597e-03
1.495825075199299367e-03
1.378387745488499723e-03
1.553521264159991389e-03
6.878923876579108240e-04
7.997630053329979252e-04
1.158983534308092927e-03
1.226320824735646674e-03
1.406380726364254811e-03
-1.790870852154725110e-04
1.399874567501325833e-03
7.491195790957901144e-04
1.130860100802764381e-04
-3.643872625428688262e-04
5.369185042448115937e-05
-2.983796928788729126e-06
-2.007680034657131625e-04
8.522593731400626444e-04
8.921921283113390779e-04
4.076141610853510492e-04
-6.422909770056081484e-05
4.611128149961734256e-04
5.671790129744809852e-04
1.008623189391741001e-05
5.022350575415407241e-04
-2.021327842107918942e-04
1.268357534811150565e-03
-1.052815858017234108e-04
-3.123021026883241315e-04
7.225892302704247337e-04
1.332487821270918931e-03
-4.938157831744101854e-04
-4.770708223364904178e-04
1.130053222168390676e-03
-1.004219061089743170e-04
1.078230462025222235e-03
1.006945136122288330e-03
6.991653928944348327e-04
7.363633181411702788e-04
3.684132765486872142e-04
5.857187933615938058e-04
1.463585425966974036e-03
1.512329221424477468e-03
1.315592903830070225e-03
-4.001613081618041320e-04
4.656348831357971655e-04
2.999369021263936569e-04
2.883366254687441113e-04
1.195775960785563788e-03
9.708921034003957767e-04
1.337407004439817313e-03
7.628476023893784603e-05
9.494011268912197260e-05
1.299225839583279191e-03
-1.699954820459751185e-04
-7.540529517602491275e-05
8.447139826991264741e-04
2.718046754645506678e-04
-2.436414056059767641e-04
1.381935687049812972e-05
-2.874764763495345752e-04
6.324076052901412290e-04
-1.436888192984741403e-04
-1.495144868337750670e-04
1.113046079819662512e-03
6.542963046700039182e-04
1.436504577879819966e-04
1.273534807614849556e-03
9.072659633419846421e-05
-2.025623097950851365e-04
8.266347077224029533e-04
1.248473376339083321e-04
4.954013364155395458e-04
1.155441603950170147e-03
9.301084483597501715e-04
1.424499645743917183e-03
1.327412675350910648e-03
-1.366278116448450342e-04
1.808994347877742692e-04
1.189521886094989183e-04
8.546133150911115663e-04
9.907523306404606659e-04
-1.514912918266629496e-04
1.377108786966563247e-03
-2.747120589845499189e-05
9.321285612860677038e-04
-4.663629387126525363e-04
6.320331730716243586e-04
1.371313618685680684e-04
7.660286420432168013e-05
1.395601471562760414e-03
-4.387598580660360221e-04
6.121865032859884290e-04
1.108341819293227328e-03
1.316269432582315791e-03
2.096309383034360987e-04
1.313001429809709363e-03
-3.924690328191769544e-04
-4.299504851141806665e-04
1.077968679038632509e-03
1.710661226081306439e-04
-4.731868959881293992e-04
3.269314745358344867e-04
9.969554488855861436e-04
1.340725551049529868e-03
7.881820846465382698e-04
1.357364102592365385e-04
1.484319668445669696e-03
1.040541453821683870e-03
5.937390229398400521e-04
9.196947777489816256e-06
7.551365276845678097e-05
3.812074409484403023e-06
2.840301864692838102e-04
-2.115707927941758572e-04
1.143370074226705401e-03
-2.150717384271195012e-05
7.992566130814867612e-04
1.413074033335089737e-03
1.468091585151128000e-03
2.098714152040355246e-04
9.627284216613185347e-04
2.030904353216542483e-04
-3.650033739283751631e-04
4.814352173001950372e-04
-2.269747829332768982e-04
-6.289415847183699626e-05
1.271653317464799867e-03
8.043090867928799712e-04
8.177317699332090203e-04
1.194075039867363054e-03
3.448593541438482388e-04
8.225364768705121675e-04
8.931614844152556930e-04
9.920709623580353364e-04
-3.045004313677914507e-04
1.844091451414557549e-04
-4.860892143164821915e-04
1.080927063442027212e-03
8.777058666342432095e-04
1.126273243432265132e-03
7.576287408686984120e-04
7.461299625428920688e-04
1.295539027455098590e-03
5.350431674483147829e-04
-4.546850030289414923e-04
1.135645112232934115e-03
1.378334580528380732e-03
1.237890138517611614e-03
1.359031539589439230e-03
-3.950676557518832178e-04
-2.601222551902538033e-04
-3.651074756341263629e-04
-4.626600804771824728e-04
1.330990668348116428e-03
1.807995839816062245e-04
-4.969680120339845701e-04
3.022092218198841359e-04
3.061596487456389902e-04
3.352033094346291335e-04
-3.411649724855738146e-04
1.020144992901637600e-03
1.338620193647017476e-03
1.499874973198201170e-04
6.487270934059453974e-04
6.728720778538594587e-04
7.393938092489940692e-04
2.638916946887413578e-04
1.239591448425708415e-03
-4.427413662345750238e-04
1.460243992097421534e-03
-1.767560367653196025e-04
-6.250642719093354787e-05
1.008449812237100516e-03
8.344605390100549901e-04
1.052702163294046882e-03
1.687879238721678369e-04
1.250227831543870025e-03
-4.563062330447565794e-04
4.557917812931369444e-04
4.658025775363569239e-04
1.440048747480189052e-03
4.440853664512839100e-04
1.326474465873036992e-03
1.273916551892360742e-03
9.000693123450375071e-04
1.432170274620668407e-03
-9.134064623326633805e-05
1.089982778908605990e-03
6.261798042594823996e-04
5.237567849174942867e-04
1.351824894285335839e-03
1.093456820113084460e-03
6.522780486542101687e-04
1.231016449367149102e-03
5.119820591314771857e-04
-2.096634422803129202e-04
-4.454432807543209525e-04
4.384553070663712204e-05
-4.808146918352077556e-04
1.253734855895278534e-03
1.686074802247728235e-04
1.253111542860906242e-04
-3.143757558066962387e-05
3.935151892152196533e-04
2.157822562315120027e-05
1.306727317397710694e-05
-4.212541199151347091e-04
-2.416019413874006291e-04
1.064379972700622368e-03
1.834703312792411033e-04
4.004952516225124921e-04
8.314737478838448055e-04
1.344810868952648220e-03
8.792100331907892622e-04
2.877512563232266854e-05
1.441974634619714582e-03
8.051290395730715133e-04
-3.438406613393378271e-04
-1.177336518519751405e-04
5.266836595484720020e-05
1.142085061552002359e-03
1.044631154616231785e-03
1.476254894120107358e-03
6.333632150948040698e-05
2.072656096732675341e-04
-1.384133564468709523e-04
8.094101394558812952e-05
-7.241661213364087397e-05
3.652750645128609026e-04
1.163666647061129336e-03
1.137561903757536947e-03
2.513027085445066096e-04
1.255980307947546660e-03
2.123931309161244149e-04
-4.671123596626521957e-04
1.317564743614744668e-03
-2.149371490086845202e-04
-2.158736243810675717e-05
1.330113157185038811e-03
-6.119114491596119323e-05
1.287419209018481493e-03
5.996770909034328505e-04
2.599303729910874654e-04
-1.060078049975080820e-05
1.041974661324488480e-04
-5.565973672274046103e-05
2.665822248646520891e-04
1.010456318088278661e-03
3.497534179104228578e-04
6.074406986369856095e-04
1.416214690328490176e-03
-4.146898306654534004e-04
1.501617542283204898e-03
9.050025218852864170e-04
5.428815550921571847e-04
4.428147807782928554e-04
-1.705264419118705950e-05
3.126296277692096944e-04
-4.179303488586600095e-04
1.084469178332624507e-03
8.330316215387334857e-04
2.035134553260661318e-04
1.016083112408687483e-03
7.639642090051195324e-04
4.146070431480928424e-04
1.109347956323036930e-03
8.921836104218563513e-04
1.165637829850995396e-03
1.708118389759899600e-04
5.671864985686630393e-04
7.504073736983778251e-04
8.511146896356751009e-04
6.674778897527004241e-04
1.084073641982146764e-03
-1.795347177948418405e-04
4.468729410205766334e-04
1.391342432737999136e-03
7.375912272113623611e-04
5.075778860656347596e-04
4.464177662723425670e-04
-1.476404922372117007e-04
6.401995083588477888e-04
1.231325254339527648e-03
1.389756588445666997e-03
7.572871551515096295e-04
1.147060041930786410e-03
-2.278168233527656209e-04
1.312808991513425561e-03
6.657530947899614098e-04
6.967075243309408302e-04
-4.154146123165827634e-04
6.068901478648365978e-04
-9.155413664842541530e-05
-2.624176701140722829e-04
7.590026005775929148e-04
-3.868279663474525395e-04
1.495462349004438116e-03
-1.849053976363207268e-04
-2.913537959246840711e-04
-3.578386292543300914e-04
1.294631240783093848e-03
6.544243910156572657e-04
5.229491530349823477e-04
-2.908616101719824448e-05
5.837560037562833154e-04
1.370289837846474937e-03
-2.018374332696324779e-04
3.029032355833462167e-04
1.394307364182824967e-03
1.488615952038288906e-03
-2.900601371106986334e-04
-1.284400014207449610e-04
5.498966178614107109e-04
1.390040488129580965e-03
1.995477847417027504e-04
-2.041485879013001765e-04
-2.181933737608605212e-04
-5.974095277707985527e-06
1.074854975515992508e-03
1.503653708345716478e-03
1.404725030461617501e-03
1.309636857838588882e-03
7.636112044563032105e-04
8.923056543273976326e-04
3.135043920715373852e-04
-1.354491544234946590e-05
6.828211070032683475e-04
7.420515157951260935e-04
6.447024820621612747e-04
-1.921329725589152613e-05
5.244066663135521240e-04
-1.352526780515049835e-04
2.926054693149378045e-04
3.864780671738596773e-04
5.037787314479335535e-04
-3.199690254441546217e-04
3.456830155389120662e-04
2.230209643714999360e-04
4.490220628497041582e-04
-3.364142216307630532e-04
1.398091969592930644e-03
4.432883232704025412e-04
4.406883249765227491e-05
-1.717732636309291362e-04
-2.310668701803422385e-04
4.330121866512104184e-04
-2.839254407034830143e-04
1.350127644591969005e-04
1.261913281193605867e-03
3.071374153784873270e-05
1.041949733507309059e-03
1.522966070141623576e-03
7.372559395383947037e-04
5.780297815453417677e-04
1.227194366782690402e-03
-1.931673266035316297e-04
6.539781191290959571e-04
6.345086002194635314e-04
-1.802327724951058655e-04
1.563893941450051174e-03
1.263119174006332827e-03
-1.971173432993239083e-04
-3.020925913845604158e-04
9.138707229908816848e-04
-3.428724966232920028e-04
3.348116428751090126e-04
1.431802060265481655e-03
1.293228116946351256e-03
1.168953174516579763e-04
-9.507881473893754353e-05
-1.196561812509348822e-04
6.394404926949454060e-04
1.124880078078574833e-03
-1.504942842973542531e-05
9.795996173182745120e-05
1.346238206407301225e-03
4.054523670271505814e-04
-3.492673250942328941e-04
1.350527760775349639e-03
1.250427582721548017e-03
1.258401975906503966e-03
-2.917083997385291763e-04
9.781102316973341957e-04
-5.711852427652355270e-05
3.487515318767546164e-04
8.232109940974553959e-04
9.544961724172445344e-04
7.955042597213371480e-05
6.998455205211263561e-04
-1.701500647639874017e-04
6.185903054559135179e-04
1.253212285906790885e-04
3.549030230210859600e-04
9.991194776500457908e-05
3.907984289732717074e-04
9.962008953196758564e-05
2.482753814280236641e-04
8.502860963411770171e-04
1.887772230180027183e-04
1.214477243057820663e-03
5.956412728049011174e-04
1.114998267552497809e-03
1.173471680172659230e-03
3.563731300677668305e-04
1.285462927563806382e-03
1.358839138974752203e-04
1.269070781084744807e-03
1.402425091975665911e-03
1.103404163935703440e-03
6.032440503044855795e-04
-3.805581132709043995e-04
1.236678525253724799e-03
7.384667229455978230e-04
-4.037119511885524674e-06
-4.666418338684942806e-04
4.671420400955381439e-04
1.068014255341551665e-03
1.452093852177300951e-04
-4.345025798581140207e-04
3.427452029164053436e-04
1.012442629027979560e-03
2.878428679039174215e-05
3.137804420182189503e-04
4.526677109817833430e-04
7.731948324791422045e-04
1.859821797672971946e-04
1.704671746802946086e-04
2.386548306763616083e-05
6.942559287860655941e-04
1.655897279086277721e-04
1.476537305971798450e-03
1.173560268491443195e-03
6.229302257372535973e-04
1.214511365739954748e-03
3.588878869714135335e-04
-2.327089183863830099e-04
3.139815417119561775e-04
1.375418226665100097e-03
8.775855464488294989e-04
-2.241111203235722959e-04
4.582907135879656048e-04
9.253091655454838155e-04
3.416353025311255490e-05
6.011854948825026647e-04
1.087060930183844166e-03
-4.352832901013866653e-04
-4.455293917227095635e-04
1.462010321530360629e-03
6.344958066944007347e-04
2.999101099978063482e-04
-2.227209861739701041e-04
5.079149645745620854e-04
7.295459824207275144e-04
1.850174141825250765e-04
-1.705384500623775021e-04
1.447604580529105161e-03
9.648699115322945585e-04
7.601644636082741883e-04
4.803564894440134556e-04
2.153813193028007830e-05
1.452357698196177346e-03
3.047244772915953847e-04
7.303295654197597799e-04
-2.985708206331996956e-04
3.577547101944061089e-04
-1.542569167524255138e-04
3.339242708404065629e-04
1.238740476706997175e-04
2.967047383222473178e-04
9.581712679585622518e-05
-2.845314019743526521e-05
-1.223468037105159023e-05
1.063350462050429834e-03
-2.622578497848617883e-04
4.328933785787571599e-04
1.347224524028101025e-03
8.239071753318457465e-04
5.642097410338262932e-04
1.281554555144646251e-03
6.451411443538916960e-05
4.940420915904434381e-04
-5.474863640226392035e-05
7.274143626377731209e-04
6.980264966339641249e-04
6.173842395099392354e-06
-6.994433409321685691e-05
1.062779672511489880e-03
1.065770774671380384e-03
1.049476686899273280e-03
1.286517524397435674e-03
-1.974951019754047699e-04
2.072059815617358818e-04
8.813684593085501732e-04
-4.050972225292487588e-04
-1.894442352858825309e-04
-3.474871846542077793e-04
1.370495650769080120e-03
4.075567197255394736e-04
9.726007578165673162e-04
-4.067818015242235597e-04
-3.388215940716818764e-04
1.230528721464002736e-03
-1.368183069080773249e-05
-5.155205353629099796e-05
1.499685274774183175e-03
-2.119736581026670456e-04
1.404776173232228850e-05
7.782940512860758763e-04
-2.286599007122551137e-04
7.484208246225597643e-05
7.273172689311242257e-04
2.842697278844524443e-06
2.950477389249151752e-04
4.280702620896118535e-04
4.839073130158848593e-04
4.592346936446011093e-04
3.608853419481340046e-04
1.509312494280455825e-03
-3.531532931783035591e-04
6.309865224156750024e-04
-2.827324191364752044e-04
-1.086563527028244097e-04
-3.607971027168658238e-04
4.268641902658128142e-04
8.472267535582656689e-05
1.012282634998515774e-03
1.070518591703313637e-03
-1.670381730333330458e-04
7.272682871306122452e-04
7.926852962266773064e-04
-4.433662826740634609e-04
8.982288251298798341e-04
2.602144992461320511e-04
2.399210551007020862e-04
-3.207124268394672155e-06
1.439469990675696287e-03
-2.374761177690353289e-04
1.302208450608713548e-03
1.004242507924204891e-03
-7.070599207591358819e-05
5.660096468855211910e-04
5.916369592931761297e-04
8.318001148918048896e-04
1.337383447764367399e-03
-3.894980397501739133e-04
9.960966601407638017e-04
1.198513709967499513e-03
6.796573902660412326e-04
1.375342677915300385e-03
1.420774777751842612e-03
-3.523739296780150276e-04
-4.185179579033352975e-04
1.491382810307054392e-03
1.020439846930727311e-03
1.149529046395199577e-03
1.304998910017365205e-03
8.510817573759814347e-04
7.014244699754648748e-05
8.749136308307381275e-05
7.718945169231215689e-04
1.369406038139353750e-03
3.899770675785197761e-04
-4.007361000048626333e-04
9.192676058714167094e-04
-3.173362407747105929e-04
1.966596370634831996e-05
8.672561971732417694e-05
4.101259791466228388e-04
2.153437485056843828e-04
-2.264216966793293311e-04
-5.861390431940798843e-05
2.436609134727642624e-05
4.634600360103062391e-04
1.475694813719301626e-03
1.002214379070387245e-03
8.661403263705532481e-04
1.009009241167051012e-04
1.010298015744607193e-03
-1.574415245004296326e-04
-3.745559384217126732e-04
-2.664723924251851403e-04
4.689779371136456676e-04
5.105448950361188244e-04
1.295062914228629469e-03
2.598801366772879621e-04
4.146937049973007132e-04
6.034680310268328123e-04
3.598825855296764018e-04
3.962405144117110505e-04
-4.954809936700533234e-04
1.202636006863562436e-03
1.401756095787149846e-04
-4.687720526938425657e-04
-3.299744795044448533e-04
-1.225137770600598635e-04
-3.164467610161602034e-04
-4.629362934729587173e-04
1.188784467840621950e-03
-2.445823955446718018e-04
-4.174090659147133993e-04
3.352928348892235660e-05
2.975907413975228846e-04
1.004873388382110204e-03
1.439308538147171176e-03
-3.034795715754414359e-04
2.058283613197064358e-04
8.408564992308685732e-05
9.933291693834756051e-04
8.803528646860353827e-05
-4.089735800272188844e-04
6.139051468501675358e-04
6.578672156902900863e-04
-2.013396334649492829e-04
1.362403474246283181e-03
1.479108612031950105e-03
6.674630938931520180e-04
1.260587901514159410e-03
5.964322275053185506e-04
-3.498990656304953742e-05
1.314866829861691122e-03
-2.023770164834191529e-04
1.064379679221193024e-03
1.443574376386136653e-03
1.318383786479676752e-03
5.631658122547190167e-04
8.170519207089856767e-04
2.332115062708496112e-04
7.334202220737951524e-04
3.746439310309321162e-04
-4.819368268250729553e-04
-2.286895035778642145e-04
6.032594576419278041e-04
4.794964148274999242e-04
7.396842026912947392e-04
2.990470410933547779e-04
6.336543156178095449e-04
