-4.459623380154355168e-04
8.623242083023656239e-04
3.221690630862417679e-04
-1.275179793073672472e-04
-2.610491433214160556e-04
1.365576134388463104e-04
9.146924960037044073e-04
-3.926117546075849813e-04
9.474422963509585840e-04
4.411351151391909304e-04
-3.782994756343380856e-04
1.319916651563758864e-03
7.889293404496118425e-05
1.097836202708255384e-03
5.978864539158239289e-04
6.006696267180146342e-05
5.690809412181835987e-04
-1.487906537908749201e-05
6.967208115643848789e-04
3.095406967576308337e-04
5.201711713041376679e-05
1.128872030618473579e-04
-4.706486189679512182e-04
-4.724842926689490374e-04
1.349747142985866302e-03
-1.581740742374523878e-04
-2.388077659418319650e-04
8.698710182314276862e-04
7.492892281600766488e-04
5.559300372690055341e-04
-3.040072822718813974e-05
1.193250744361115364e-03
-2.390388171365607378e-04
1.173466986078738590e-03
1.366997411373263149e-03
7.408264883686291585e-04
8.371885336968739070e-04
6.574642343384415745e-05
-3.395743858427305805e-04
-2.586459657720549470e-05
7.558446881211269017e-04
7.638366957805215731e-04
9.193072208957326534e-04
1.076461201857877546e-03
1.377054576259944825e-04
-2.354556705165065228e-04
5.513174083505974297e-04
7.614763355817721945e-04
7.550723863663045881e-04
2.674311948623548708e-04
8.501808822325650737e-04
6.739532042191598423e-04
1.302412691791404297e-03
6.916168031559814322e-04
4.060832182404529528e-04
1.316522909248963756e-03
1.431108718567660832e-03
4.977068715190072792e-05
5.583360471705507656e-04
1.041134494605049175e-03
1.401890115623011636e-03
3.381722195047557082e-04
4.858173093638027372e-04
1.219980431974220783e-03
-3.327103211268554717e-04
1.259021383278453171e-03
1.173743143513413054e-03
-4.835121435963109096e-04
6.199482205776173094e-04
-2.226023690699942595e-04
-2.052718288470449873e-04
7.574844991750255335e-04
5.163895330900265682e-04
4.308409654742323018e-05
-4.560282095986047807e-04
6.555594305037522242e-04
1.274406797527318988e-04
4.244593589855261026e-05
-1.823311540186170194e-04
1.326345167181683035e-03
9.707686947750749284e-04
8.162431243758644503e-04
-5.531223535046406745e-04
-4.953734256153885838e-05
5.802531807026641789e-04
2.041123506330684784e-04
1.038939108924616514e-03
2.369754530854302856e-04
1.421585871052010201e-03
7.695826179859532011e-04
6.535281362952330289e-04
1.764695735515410123e-04
6.079139347599892126e-04
9.320149870490473118e-04
6.018310584449212573e-04
9.412117250623450821e-04
9.833643424704968661e-04
-4.553552055907678867e-04
-5.644048631397668124e-04
1.494745785794046817e-03
-7.877823514330530962e-05
1.062498692369500536e-03
-1.480364991233038485e-04
1.234880607864020235e-03
-7.961901719453488336e-05
1.213291919330131792e-03
1.124452926757388890e-03
-1.391575854377559950e-04
1.277049213869682967e-03
3.049657636317885858e-04
1.218993913069371226e-03
1.177938218025543268e-03
6.967942421770495021e-04
3.897347636617865094e-04
7.667996819064055568e-04
1.077286554433440780e-03
2.927737152629663925e-04
1.289230886049696221e-03
1.408163355850080125e-03
4.030349265710269128e-04
-4.875384349214643281e-04
1.920552207568157986e-04
1.189393438050253366e-03
3.339352462682851634e-04
1.263023906450567871e-03
1.328285446929014697e-04
1.151129929494443737e-03
-1.045706332227282095e-04
9.953631374679005380e-04
5.726906311275113031e-04
-5.040933273157204800e-04
6.290747408981576866e-04
3.118229935801717615e-05
1.721024682531020777e-04
-4.977090897823835012e-04
9.430003234733066704e-04
-4.602892276004564502e-04
3.100192617043831273e-04
-4.319626824484277205e-04
7.075480651291849593e-05
7.918593814085046691e-05
2.478149486891035756e-04
-4.958709557042059127e-04
7.707138116998840834e-04
9.424634638129004592e-04
-4.593701957503972433e-04
4.194303676542704049e-04
1.342735221718923452e-03
1.765111528379534117e-04
5.313535489086018736e-05
9.923502391792498895e-04
-6.479973113515189310e-05
8.932376767915231738e-04
-3.725845310583730807e-04
9.631430246333837295e-04
-3.065787538859082945e-04
4.279054151370943819e-05
-2.200032032397992857e-04
-9.927924022153778024e-05
-5.382215539821029980e-04
5.911098571420073632e-04
5.430405200619722785e-04
2.512391331490569364e-04
4.729505172519559244e-04
6.483765579366780737e-04
-4.421473429767398301e-04
-3.419367931427409247e-05
2.188211417085468991e-04
2.340552256747814553e-04
-3.019093701460726998e-04
3.907416199036431253e-04
1.171050271290185497e-03
-1.611474716258472293e-04
5.551420593809478637e-04
2.966325028663101856e-04
2.498153089694952447e-04
1.627965320303450365e-04
4.720927226615467256e-04
-4.630617889158993679e-04
-8.900828323161945831e-06
6.964136385122784252e-04
9.935414005882319856e-04
-2.536101083756003974e-05
1.651559452441692328e-04
1.134963212013298311e-03
-9.621405108557950310e-05
1.059609930358318798e-03
-3.174561771844654819e-04
1.218614202970279064e-03
2.367552592445922976e-04
1.182170654425297772e-03
1.077537619419333473e-03
1.094368974170408914e-03
1.616457178954076456e-04
-2.979966896508273559e-04
9.829880078570712911e-04
1.966806928322095932e-04
-1.328938554495840839e-04
-4.708047422786183593e-04
1.188980842432923405e-03
1.639638240734838379e-04
-4.595813264869459073e-04
3.413256052645578364e-04
-3.739664866418721889e-04
-1.349193590853756922e-04
3.725688750695965246e-04
6.617179184086221903e-04
1.375311043415406841e-03
1.495607113265978011e-04
4.207399530452136547e-04
2.513700587441039286e-04
-3.927806489762256407e-04
4.870394015776010168e-04
8.477863718210095325e-04
8.595033309955277126e-04
1.039065514572891716e-03
3.254034218213047616e-04
1.218627511075911747e-03
1.222785832731381568e-03
-4.238147652290713031e-04
-5.134476447298553245e-04
1.340338852077838463e-04
-2.304085178437713499e-05
5.126281377867019685e-04
1.863477269631520934e-04
5.269716230379303768e-04
1.131861433015306402e-03
1.299780333961974774e-04
3.129449619679558177e-04
5.587268387024266447e-05
-3.880927567504231595e-04
1.848038790791812873e-04
7.907825113693911598e-05
-2.120555329378169529e-04
3.276380564230257664e-05
-3.683921627381574150e-05
-1.959946083918059358e-04
-1.628510224844603553e-04
1.129788215717148414e-03
2.689079011315903328e-04
1.299766817391083526e-04
1.136811027814270359e-03
1.145262757252291661e-03
2.105474986035379352e-04
1.244681572281821627e-03
9.658220160062813394e-04
1.230915009033439105e-03
9.148739248085980495e-04
7.201248056157265190e-04
3.086032867432157191e-04
-1.644797308635397276e-04
3.774675045090322440e-04
4.120140870812155322e-05
5.229281318412922017e-04
5.071441034483896741e-04
8.830623219009012216e-04
1.510009834483479153e-04
7.777326648402910561e-04
1.252056949862641539e-03
-3.849630372662732314e-04
-3.254724410738018213e-04
9.466436657889167787e-04
1.138622825551887209e-03
7.267149764561839712e-04
8.114540282004363168e-04
-1.446085252579267888e-04
1.103353976519973450e-03
-1.692803432061519803e-04
1.446249888016788937e-03
1.674684907319043208e-04
-2.824882025502700234e-04
1.058427935707605388e-03
9.247267282510308320e-04
1.143126877113244183e-03
1.086137674386185173e-03
-5.664280347254667565e-04
-3.062320907526700051e-04
3.833698867648971300e-04
7.777431004871986509e-04
-3.822966327085990145e-04
6.022457033163290631e-04
1.085265383615001931e-03
1.747722230058164361e-04
1.483736533985583654e-03
1.067302330868527245e-03
1.356914698534205331e-04
5.677039897189046190e-04
5.805275350970310905e-04
1.036378525237055580e-03
1.968595029040332706e-04
-2.239830429544372890e-04
8.287680046361547591e-04
-4.616973701100120903e-04
1.100779909161743366e-03
-6.627175676397103056e-05
4.607182268848871148e-04
-1.651880208291572785e-04
1.450574479001864913e-03
9.777940533304317963e-04
1.282239917343072503e-03
9.644163813215075225e-04
8.157623863043065096e-04
1.098619906121878166e-03
3.786544121942320585e-04
-4.700641423958174317e-04
9.658510347635029412e-04
2.573735709498515016e-04
-3.625346891727810808e-05
-2.868834710579221451e-04
8.188657447562266609e-05
6.759165883790972185e-04
-1.025632653404606905e-04
-2.783200519954650608e-05
-5.886732419228518344e-05
-2.913610650857364603e-04
6.940177971672183371e-05
4.653991090586808896e-04
4.514246588820676324e-04
5.228370620671039066e-04
-1.614085506133895015e-04
-2.477221113404473574e-04
7.828207576382040624e-04
7.029152363560432727e-04
7.228584747103541930e-04
2.949867434247081983e-04
-1.112765330408264675e-04
8.196115340934369406e-04
1.333996799636863071e-03
-8.151380438245100482e-05
1.030823385140628503e-04
-2.681328026624978556e-04
1.373414366686202120e-03
1.297156363194553689e-03
-4.204442005794391409e-04
5.648662179984064585e-04
-3.583960387323233674e-04
-4.849908431479123044e-04
1.332552664490078932e-03
-3.029460017161083847e-04
1.788226149326690518e-04
1.305696636335612962e-03
1.128260941185699109e-03
1.818589738530215186e-04
4.369401883914364850e-04
3.385892270060002402e-04
1.268927492111627479e-03
-4.598815531835007803e-04
5.803257171687479154e-04
6.174182996298116337e-04
3.778540452924152764e-04
1.143096283868118811e-03
1.283610522381356837e-03
1.161393046191701870e-03
8.035069089526012569e-05
1.056897016339251134e-03
-1.193476786915554646e-04
5.516136512764407149e-04
-4.770673344510032061e-04
1.243115905695932463e-03
1.133304544442815176e-03
5.150433635851664992e-04
9.602825227077863620e-04
1.253804331784226902e-03
1.034659277065389568e-03
1.428555023481385645e-03
1.311117285062009252e-03
1.486251431042056497e-03
6.206216289493177770e-04
7.324929810572183798e-04
1.091713060714097827e-03
1.159050686261294113e-03
1.339110500365248060e-03
-2.463572965464796462e-04
1.332604291123051917e-03
6.818487613411784503e-04
4.581542483985161977e-05
-4.316576180999176070e-04
-1.357859223288664072e-05
-7.025418434506825827e-05
-2.680383735619700511e-04
7.849890889858599560e-04
8.249214507140397107e-04
3.403441463486162966e-04
-1.314992720878185666e-04
3.938423502871393972e-04
4.999089628166230584e-04
-5.718417510454281083e-05
4.349647573269712947e-04
-2.694028796203147579e-04
1.201087058881026995e-03
-1.725520850975994288e-04
-3.795724069868942766e-04
6.553187075411386368e-04
1.265217267938718209e-03
-5.610863282151306664e-04
-5.443412269059357163e-04
1.062782941151666546e-03
-1.676925984942640693e-04
1.010959911269793425e-03
9.396747435873334603e-04
6.318951709767030040e-04
6.690925986466289424e-04
3.011428287641586027e-04
5.184482664049859827e-04
1.396315493837118520e-03
1.445058897101678683e-03
1.248322802187338100e-03
-4.674317499323372895e-04
3.983644421183784841e-04
2.326661569734350351e-04
2.210660933585516165e-04
1.128505684119022849e-03
9.036214911140298288e-04
1.270136470020965776e-03
9.013883827513141127e-06
2.766957897921561334e-05
1.231955159040155033e-03
-2.372659689462049137e-04
-1.426756812699865899e-04
7.774434809278214960e-04
2.045338991873683779e-04
-3.109119398187551865e-04
-5.345110537421090353e-05
-3.547467218366759573e-04
5.651368310287947609e-04
-2.109594009162356050e-04
-2.167843242548438175e-04
1.045775392842428816e-03
5.870259808800293517e-04
7.638025426202558869e-05
1.206264391226634283e-03
2.345618987028423957e-05
-2.698328858098932785e-04
7.593646350239644047e-04
5.757670942133492176e-05
4.281307224094230623e-04
1.088171040037102947e-03
8.628380427348586153e-04
1.357229557421373977e-03
1.260142006789926597e-03
-2.038987844342858840e-04
1.136288090208732737e-04
5.168174112106429380e-05
7.873429729058801108e-04
9.234819935429097043e-04
-2.187618066951392516e-04
1.309838317001142151e-03
-9.474172877856691958e-05
8.648576402591955049e-04
-5.336337567780376342e-04
5.647625213943756025e-04
6.986083242566229392e-05
9.332271098539353708e-06
1.328330838741110815e-03
-5.060302959984296295e-04
5.449158001561969257e-04
1.041071573871776889e-03
1.248998788750600719e-03
1.423609068783630264e-04
1.245730781586409323e-03
-4.597400477873709430e-04
-4.972213283125166607e-04
1.010698690042543049e-03
1.037954953255770953e-04
-5.404574705339411757e-04
2.596612056410423411e-04
9.296851691593956656e-04
1.273455075694870453e-03
7.209120697847911036e-04
6.846577870277920867e-05
1.417049632328661090e-03
9.732717137606735573e-04
5.264688523445566846e-04
-5.807398972494984111e-05
8.243485906503066684e-06
-6.345873690221398729e-05
2.167599338391874451e-04
-2.788414288602531865e-04
1.076099502138869396e-03
-8.877760480296769752e-05
7.319863845548121558e-04
1.345803797786397507e-03
1.400820892396346593e-03
1.426009092578501343e-04
8.954577333157575118e-04
1.358197994476221377e-04
-4.322741454127387774e-04
4.141645581680393094e-04
-2.942456983597986999e-04
-1.301644413588592052e-04
1.204382659391042354e-03
7.370384294936451570e-04
7.504611040514367476e-04
1.126804679489532696e-03
2.775891078913762951e-04
7.552657597881471925e-04
8.258907176660563792e-04
9.248001683341332355e-04
-3.717708846433029476e-04
1.171384193998096292e-04
-5.533594242633606752e-04
1.013656773720410373e-03
8.104355731063991181e-04
1.059002648182178147e-03
6.903576323368419091e-04
6.788596725674490807e-04
1.228268327047384858e-03
4.677725289506193414e-04
-5.219555571881417076e-04
1.068374868364972783e-03
1.311063970340660585e-03
1.170619870341872053e-03
1.291760989460979166e-03
-4.623382583638645541e-04
-3.273924628437651307e-04
-4.323779218862947439e-04
-5.299304843152195105e-04
1.263719759343150595e-03
1.135287259628715921e-04
-5.642384451423641594e-04
2.349387737949397371e-04
2.388890249552610523e-04
2.679326671638405802e-04
-4.084361376482650505e-04
9.528747471847533439e-04
1.271349659661588334e-03
8.271719669084607945e-05
5.814566961584588392e-04
6.056012464616978294e-04
6.721235219955525248e-04
1.966212398285295266e-04
1.172320598520239145e-03
-5.100123783920911067e-04
1.392973563067251720e-03
-2.440261224971073989e-04
-1.297767216760898311e-04
9.411793504102987547e-04
7.671899492104394596e-04
9.854316020476393267e-04
1.015174828111391290e-04
1.182956781065475299e-03
-5.235769010247804918e-04
3.885213156430560879e-04
3.985321422559220473e-04
1.372777950473774277e-03
3.768149690844980874e-04
1.259203754114480685e-03
1.206646403277391319e-03
8.327984428616068066e-04
1.364899877880385937e-03
-1.586112240462539782e-04
1.022711997289072437e-03
5.589088634569557793e-04
4.564861841144674122e-04
1.284554201297080384e-03
1.026186376812007490e-03
5.850077391124859682e-04
1.163746012555954548e-03
4.447117881827413821e-04
-2.769341679589547430e-04
-5.127139880577339737e-04
-2.342480518261256164e-05
-5.480852996675316963e-04
1.186464000801831613e-03
1.013371521939080658e-04
5.804047602930904968e-05
-9.870812874711979465e-05
3.262445942362829040e-04
-4.569219273606036984e-05
-5.420332326953654914e-05
-4.885245570209436391e-04
-3.088724159097524591e-04
9.971094804673830397e-04
1.161996145069028858e-04
3.332249134064701633e-04
7.642031728972291686e-04
1.277539738572263306e-03
8.119390018530653558e-04
-3.849500367010832183e-05
1.374704122719856226e-03
7.378591301526338936e-04
-4.111109954330928462e-04
-1.850043049240885349e-04
-1.460215535140506308e-05
1.074814589498907912e-03
9.773607081413899621e-04
1.408984216937919295e-03
-3.934366224420269220e-06
1.399951694940686729e-04
-2.056838463066873435e-04
1.367062874631321745e-05
-1.396873118344049973e-04
2.980044255240989638e-04
1.096395408646647345e-03
1.070291276525683769e-03
1.840318374868316748e-04
1.188710120679028776e-03
1.451226288801049440e-04
-5.343832785114224033e-04
1.250293868939026613e-03
-2.822082127261406228e-04
-8.885786187049399308e-05
1.262842542778342585e-03
-1.284619101517983446e-04
1.220148666697842875e-03
5.324062891074821200e-04
1.926596826053432617e-04
-7.787121126646406725e-05
3.692644106054151544e-05
-1.229303210067592502e-04
1.993115321762752999e-04
9.431854392046864306e-04
2.824827392275427009e-04
5.401700786650994726e-04
1.348943871032209484e-03
-4.819602428018208854e-04
1.434347167704928599e-03
8.377318801638548645e-04
4.756111100068102174e-04
3.755439348124704800e-04
-8.432331030661810055e-05
2.453591045604390898e-04
-4.852006768417346533e-04
1.017198715517644240e-03
7.657610946885460689e-04
1.362432562020148203e-04
9.488125258712464460e-04
6.966933848272269074e-04
3.473361897153944455e-04
1.042077212336842097e-03
8.249131495636748482e-04
1.098367519205047278e-03
1.035414948470881279e-04
4.999155111995672420e-04
6.831368966280571605e-04
7.838439331387656896e-04
6.002069974258539796e-04
1.016803179310419311e-03
-2.468055981374720127e-04
3.796019614473020078e-04
1.324071838605612702e-03
6.703205082215580105e-04
4.403069951224137884e-04
3.791469335941537720e-04
-2.149111633692851980e-04
5.729287022018328141e-04
1.164054642974262244e-03
1.322486123743657569e-03
6.900164065965821427e-04
1.079789316832797464e-03
-2.950874618939382742e-04
1.245538776110315148e-03
5.984823277122775691e-04
6.294371891905298309e-04
-4.826855792028935505e-04
5.396191411016079079e-04
-1.588247771329920550e-04
-3.296881983825332928e-04
6.917314089217614778e-04
-4.540989109795133430e-04
1.428191611946276083e-03
-2.521759614449503367e-04
-3.586241700362051009e-04
-4.251095938894026201e-04
1.227361295515325048e-03
5.871533153757385257e-04
4.556780861677849266e-04
-9.635652430886174535e-05
5.164853780858510513e-04
1.303019026811346424e-03
-2.691078502066691566e-04
2.356327946835170943e-04
1.327036644705452189e-03
1.421345078159789478e-03
-3.573308033289340768e-04
-1.957110929454481557e-04
4.826258593588200882e-04
1.322769883565600357e-03
1.322767781454028144e-04
-2.714194597314142443e-04
-2.854643836707943839e-04
-7.324484547126593355e-05
1.007584353004883091e-03
1.436383292710607116e-03
1.337454432932258909e-03
1.242366367755897306e-03
6.963402069344274293e-04
8.250351264279823455e-04
2.462341782881671761e-04
-8.081591386765376998e-05
6.155500331272447355e-04
6.747807046273634427e-04
5.774315575694569623e-04
-8.648386037330796318e-05
4.571361914264631906e-04
-2.025233161662989508e-04
2.253344341043067220e-04
3.192074139771154543e-04
4.365082866043213327e-04
-3.872398127633946150e-04
2.784123899721814631e-04
1.557505965495113048e-04
3.817516267243645689e-04
-4.036848546936304513e-04
1.330821859869971710e-03
3.760176795078758313e-04
-2.320191820785488348e-05
-2.390442199496489858e-04
-2.983375947706930101e-04
3.657414666753185540e-04
-3.511962508278832743e-04
6.774176699775540220e-05
1.194642422067139585e-03
-3.655709454914667881e-05
9.746791425336041653e-04
1.455695530242422792e-03
6.699852443645928001e-04
5.107594899569614568e-04
1.159923568181936817e-03
-2.604379782207651606e-04
5.867075439558249415e-04
5.672381690377629191e-04
-2.475037417773599596e-04
1.496623856813468142e-03
1.195848379367183073e-03
-2.643885257105432437e-04
-3.693633808640192986e-04
8.465999450395452798e-04
-4.101429711974361163e-04
2.675408186998195028e-04
1.364531323418656647e-03
1.225957550340575370e-03
4.962467739445430208e-05
-1.623494993338615584e-04
-1.869265637669466113e-04
5.721699434574607866e-04
1.057609880439725402e-03
-8.231985608807663123e-05
3.068913677785482704e-05
1.278967303745146434e-03
3.381817406736139738e-04
-4.165379526907332414e-04
1.283257046233593881e-03
1.183156581147795780e-03
1.191131015640683414e-03
-3.589792925145590631e-04
9.108393684180778223e-04
-1.243892898294459294e-04
2.814806435083452656e-04
7.559399040027509802e-04
8.872256024145299931e-04
1.227977650843750486e-05
6.325745876344735300e-04
-2.374210243101448285e-04
5.513196227287392188e-04
5.805057994143952485e-05
2.876321261991223463e-04
3.264132976198180796e-05
3.235276236057977456e-04
3.234973197743773975e-05
1.810046693314760037e-04
7.830152069534373213e-04
1.215065874846976474e-04
1.147206368252089419e-03
5.283705828813360910e-04
1.047727351475597792e-03
1.106200413062863319e-03
2.891023457673759511e-04
1.218191937749125726e-03
6.861329267830215521e-05
1.201800395561800593e-03
1.335154535306341860e-03
1.036133261507623561e-03
5.359732933086773943e-04
-4.478289176167392621e-04
1.169407958642003798e-03
6.711960061238858924e-04
-7.130816535640292970e-05
-5.339125196288441785e-04
3.998713336759232573e-04
1.000743246872721820e-03
7.793865715897517075e-05
-5.017733489428749831e-04
2.754744003449041451e-04
9.451718344635264566e-04
-3.848651416112914956e-05
2.465095570320986773e-04
3.853970375021382186e-04
7.059244723996103412e-04
1.187113433587808157e-04
1.031964190213706400e-04
-4.340532045831543720e-05
6.269852544883330100e-04
9.831895747149145830e-05
1.409266657393532570e-03
1.106289518601238876e-03
5.556600618209591889e-04
1.147240745495816446e-03
2.916172729659259415e-04
-2.999793638440869346e-04
2.467109376324223076e-04
1.308147483425343115e-03
8.103147709528501922e-04
-2.913820665891887220e-04
3.910205147485849094e-04
8.580381768166097343e-04
-3.310747074949235897e-05
5.339144367273321659e-04
1.019790249598419209e-03
-5.025542997109687165e-04
-5.127998337119193603e-04
1.394739761601053582e-03
5.672248190298738316e-04
2.326392553622564122e-04
-2.899913037907516375e-04
4.406443183232789415e-04
6.622747334855236430e-04
1.177468158325319227e-04
-2.378091226960751283e-04
1.380334064558381849e-03
8.975989132629071327e-04
6.928941414884962633e-04
4.130854597736978396e-04
-4.573224290902050957e-05
1.385086778699932877e-03
2.374534977922621276e-04
6.630588230676764125e-04
-3.658414045259141185e-04
2.904841390714261746e-04
-2.215277818865922369e-04
2.666532588247904267e-04
5.660343961300515127e-05
2.294338462861518848e-04
2.854693095254121578e-05
-9.572422166873143260e-05
-7.950519884245811576e-05
9.960797922488296655e-04
-3.295282521528427612e-04
3.656230376924773733e-04
1.279953842627501752e-03
7.566362541256730712e-04
4.969391887490726394e-04
1.214284099113874813e-03
-2.756462145662390776e-06
4.267712668761621171e-04
-1.220196230549933119e-04
6.601434513811589837e-04
6.307559546527927857e-04
-6.109658440648796384e-05
-1.372152892196238565e-04
9.955086896889248776e-04
9.985005111365268058e-04
9.822063660597584681e-04
1.219246502029085188e-03
-2.647658573699212918e-04
1.399352453165676182e-04
8.140977358787353972e-04
-4.723678869859643443e-04
-2.567152074699884795e-04
-4.147582346122884070e-04
1.303224548660366234e-03
3.402858722223978355e-04
9.053300094105270254e-04
-4.740525212512025546e-04
-4.060921625377250199e-04
1.163258021080687890e-03
-8.095285016259611791e-05
-1.188229608474410082e-04
1.432414805778693895e-03
-2.792442676592155905e-04
-5.322276930403983022e-05
7.110232164714215975e-04
-2.959310799774556846e-04
7.571636539797680726e-06
6.600462801803256251e-04
-6.442791638632279342e-05
2.277769923437588512e-04
3.607994626562503596e-04
4.166367425434600556e-04
3.919638858439550484e-04
2.936148908339626792e-04
1.442041966929631224e-03
-4.204242480102942932e-04
5.637159399691127511e-04
-3.500033063309209596e-04
-1.759270838850992907e-04
-4.280678934583547922e-04
3.595937014119991314e-04
1.745210008703555776e-05
9.450120822733108425e-04
1.003247829513223598e-03
-2.343091299866423630e-04
6.599972510492635750e-04
7.254145180107539380e-04
-5.106374516509684528e-04
8.309580188453517336e-04
1.929437231796155830e-04
1.726506039217969794e-04
-7.047764847066316323e-05
1.372199455781190295e-03
-3.047467911379333214e-04
1.234937363634683533e-03
9.369717303602513201e-04
-1.379770099620799997e-04
4.987388707784481349e-04
5.243658940469575046e-04
7.645294360192138013e-04
1.270112679462068531e-03
-4.567688927820205951e-04
9.288256429752996153e-04
1.131243302612656813e-03
6.123869209279460182e-04
1.308072344335944491e-03
1.353503702726224691e-03
-4.196444706033628067e-04
-4.857884906666350535e-04
1.424112075317683678e-03
9.531691800651333982e-04
1.082258273782095307e-03
1.237728962395970864e-03
7.838106320362432395e-04
2.871791697949907246e-06
2.022089493110426568e-05
7.046236616712765050e-04
1.302134920967284136e-03
3.227058919487413823e-04
-4.680067253997379222e-04
8.519974318966743029e-04
-3.846071290701505354e-04
-4.760488559827138615e-05
1.945477444131454441e-05
3.428557603265571223e-04
1.480727250967105537e-04
-2.936923615246705716e-04
-1.258846192713680885e-04
-4.290433420879128523e-05
3.961894309603967339e-04
1.408424156797945205e-03
9.349435641771958834e-04
7.988694838601148552e-04
3.363030815499984389e-05
9.430276350908303306e-04
-2.247120377525761703e-04
-4.418266803475124661e-04
-3.337430360249727247e-04
4.017077917937308495e-04
4.432746253730612362e-04
1.227792233926385326e-03
1.926092319890513130e-04
3.474229346408863411e-04
5.361974752088772157e-04
2.926116874464585577e-04
3.289695675157285038e-04
-5.627521540193659681e-04
1.135365300124559695e-03
7.290473553441221839e-05
-5.360428791463764950e-04
-3.972450337200544813e-04
-1.897842506844523607e-04
-3.837169442494789374e-04
-5.302069088492576514e-04
1.121513989826930470e-03
-3.118527152780395384e-04
-4.846794169226204636e-04
-3.374118040374422426e-05
2.303196612237217334e-04
9.376025690906016280e-04
1.372037882744947448e-03
-3.707506182929961062e-04
1.385575959702801333e-04
1.681479327525261719e-05
9.260585255911001588e-04
2.076450384054995938e-05
-4.762440687299705159e-04
5.466344013771536796e-04
5.905962856869812145e-04
-2.686104057600201115e-04
1.295132291068817757e-03
1.411838041905075659e-03
6.001924594648261465e-04
1.193317472423884246e-03
5.291615224364384007e-04
-1.022605679175041889e-04
1.247596331170103615e-03
-2.696478524161675201e-04
9.971088530229637020e-04
1.376304013646916131e-03
1.251113045640484759e-03
4.958951155194497949e-04
7.497813072667399749e-04
1.659407738428789094e-04
6.661492801269243641e-04
3.073730796089279020e-04
-5.492079139162410950e-04
-2.959601856882858794e-04
5.359885727567639379e-04
4.122256884005432256e-04
6.724129876594976424e-04
2.317763706610295640e-04
5.663834000399931576e-04
