-3.786914319744776828e-04
9.295952736893322308e-04
3.894397348827081224e-04
-6.024715158292114970e-05
-1.937784698782024011e-04
2.038283241457919143e-04
9.819627677564255613e-04
-3.253416185905748013e-04
1.014713369368234770e-03
5.084056439792167086e-04
-3.110288575313530871e-04
1.387188116034387096e-03
1.461639837923229591e-04
1.165106764669447507e-03
6.651572799610108505e-04
1.273376184347961755e-04
6.363514765902507234e-04
5.239195130266779119e-05
7.639915747037143027e-04
3.768113744032486464e-04
1.192879894990276485e-04
1.801578065960349347e-04
-4.033775584863347175e-04
-4.052137387432418430e-04
1.417018046869793560e-03
-9.090300023818176866e-05
-1.715369739645494383e-04
9.371414725830856792e-04
8.165603824601848620e-04
6.232005731882585449e-04
3.687032909031079278e-05
1.260521801388894171e-03
-1.717681859624191419e-04
1.240737127766669643e-03
1.434267824531354138e-03
8.080975154778973716e-04
9.044591451066484123e-04
1.330175824713915442e-04
-2.723038975831568870e-04
4.140631620856099311e-05
8.231156637239210073e-04
8.311076878897040573e-04
9.865782799249357693e-04
1.143731797192980943e-03
2.049763424821482156e-04
-1.681849756937645393e-04
6.185882479011582539e-04
8.287471648405569068e-04
8.223434793069896165e-04
3.347017329946199902e-04
9.174516575562897003e-04
7.412239272879133940e-04
1.369683263704099801e-03
7.588873398480945175e-04
4.733543026837442203e-04
1.383793738480112480e-03
1.498379165038488071e-03
1.170416091191608379e-04
6.256065262506105935e-04
1.108405296440449252e-03
1.469161035559343742e-03
4.054427429452624925e-04
5.530876609955781087e-04
1.287251087546875455e-03
-2.654395635865312484e-04
1.326292015494782940e-03
1.241013719621323263e-03
-4.162417260685455389e-04
6.872188401678540901e-04
-1.553321210763356397e-04
-1.380010894076535988e-04
8.247550157260017051e-04
5.836606135392371619e-04
1.103550410051395877e-04
-3.887576914555227674e-04
7.228296533450347854e-04
1.947117299390432909e-04
1.097169374045050573e-04
-1.150598933752251129e-04
1.393615915147451700e-03
1.038039503327551662e-03
8.835138881439067761e-04
-4.858518700557394035e-04
1.773334935819689007e-05
6.475242754250180952e-04
2.713831979551388669e-04
1.106209346445145717e-03
3.042462604215960585e-04
1.488856363586996655e-03
8.368529839213744055e-04
7.207991810790192327e-04
2.437402997969437203e-04
6.751845751315283450e-04
9.992857772667424355e-04
6.691020277247053220e-04
1.008482567780656473e-03
1.050635334281282409e-03
-3.880843975222871890e-04
-4.971338329809184796e-04
1.562016178562135836e-03
-1.150752604104032921e-05
1.129769233532069853e-03
-8.076536346767681726e-05
1.302151373527313336e-03
-1.234803549433186876e-05
1.280562827422182266e-03
1.191723680840245511e-03
-7.188660398670416595e-05
1.344319553689350948e-03
3.722365843397267438e-04
1.286264747907117168e-03
1.245208740270415532e-03
7.640646409367620601e-04
4.570056056205602313e-04
8.340705669338049303e-04
1.144557695968975632e-03
3.600442827749356935e-04
1.356501465416892500e-03
1.475434101240161297e-03
4.703058336004713831e-04
-4.202682850898038780e-04
2.593260932593007711e-04
1.256664015317685490e-03
4.012057323942339287e-04
1.330295062156862558e-03
2.000987328522921510e-04
1.218399975507280424e-03
-3.729996902284071151e-05
1.062633948522147872e-03
6.399608817716892668e-04
-4.368224599749812942e-04
6.963456915596321663e-04
9.845334445960083117e-05
2.393732403335179794e-04
-4.304384246376608100e-04
1.010270735896410393e-03
-3.930184945717426874e-04
3.772897880351349211e-04
-3.646922219802069590e-04
1.380256082661946088e-04
1.464567092974583280e-04
3.150855612277990935e-04
-4.286008817472844630e-04
8.379846613138935713e-04
1.009733754657982877e-03
-3.920994305331010604e-04
4.867009712943231952e-04
1.410005572780114987e-03
2.437816407986991669e-04
1.204059868938689502e-04
1.059620332677997613e-03
2.471212346442751584e-06
9.605081101798323799e-04
-3.053137782116411062e-04
1.030413993381169195e-03
-2.393077526574144387e-04
1.100610357337584430e-04
-1.527322995772356726e-04
-3.200887964539414563e-05
-4.709505783178384781e-04
6.583804161919041501e-04
6.103112926428662030e-04
3.185100173082375100e-04
5.402207784070479132e-04
7.156474380725639291e-04
-3.748767840153632174e-04
3.307671940933964923e-05
2.860919814865693005e-04
3.013259365456901948e-04
-2.346389495108625804e-04
4.580120802273528560e-04
1.238321173907286701e-03
-9.387706717979262200e-05
6.224128656509975285e-04
3.639031901667196130e-04
3.170858630875485781e-04
2.300674343093110402e-04
5.393635898742789314e-04
-3.957909673028236998e-04
5.836980425013019375e-05
7.636837682986699367e-04
1.060811828640314614e-03
4.190955366064281270e-05
2.324262975570355030e-04
1.202233813626822634e-03
-2.894325044381516529e-05
1.126880448610106554e-03
-2.501855259131896157e-04
1.285884906007355236e-03
3.040255871265407214e-04
1.249441413740956649e-03
1.144808508941694541e-03
1.161639224269391153e-03
2.289158505174157998e-04
-2.307258816152443607e-04
1.050258345884676463e-03
2.639514204263348671e-04
-6.562343785373409640e-05
-4.035340199408254556e-04
1.256250966843462484e-03
2.312345886544439578e-04
-3.923107071738844362e-04
4.085965112921783574e-04
-3.066956462227548360e-04
-6.764886524462800728e-05
4.398395910857702019e-04
7.289884357388257390e-04
1.442581664231609891e-03
2.168312088999684343e-04
4.880108275359058335e-04
3.186410954025081462e-04
-3.255092988964894038e-04
5.543097309006853610e-04
9.150565419331565826e-04
9.267737204798276928e-04
1.106335787759887010e-03
3.926735144808949111e-04
1.285897870650435249e-03
1.290056594684644339e-03
-3.565442038132818239e-04
-4.461777801448264737e-04
2.013046703806783467e-04
4.422984979121101826e-05
5.798989339447838381e-04
2.536178071339065124e-04
5.942421474039099672e-04
1.199132156116157867e-03
1.972488708330800641e-04
3.802153794935899181e-04
1.231435295429751263e-04
-3.208220379526484692e-04
2.520742624480329505e-04
1.463487201790029967e-04
-1.447851747118657467e-04
1.000342336449832551e-04
3.043167941020154387e-05
-1.287240704399600540e-04
-9.558071202455910775e-05
1.197058588998659500e-03
3.361785528376059541e-04
1.972472694634284625e-04
1.204081590630487952e-03
1.212532855218302315e-03
2.778180966152300735e-04
1.311952085206364227e-03
1.033092721242004700e-03
1.298185286143724261e-03
9.821444973516586709e-04
7.873952092239647378e-04
3.758741259829381657e-04
-9.720916541917732224e-05
4.447379908626403178e-04
1.084718463740534151e-04
5.901987762761696501e-04
5.744149001273165210e-04
9.503328214732188967e-04
2.182715845789184460e-04
8.450032782829292391e-04
1.319327859056792195e-03
-3.176928540918239107e-04
-2.582019360134694811e-04
1.013914183455620144e-03
1.205893312999902671e-03
7.939856227310983314e-04
8.787250103608802449e-04
-7.733787369165756338e-05
1.170624388082011288e-03
-1.020101009761218807e-04
1.513520163221028676e-03
2.347384665898272010e-04
-2.152173314885221748e-04
1.125698395132255971e-03
9.919976411225705018e-04
1.210397591970983509e-03
1.153408759903429325e-03
-4.991577895266403192e-04
-2.389614988663315361e-04
4.506401846982911481e-04
8.450138467632002832e-04
-3.150262930593179583e-04
6.695167454698947897e-04
1.152536254716400111e-03
2.420428037005903301e-04
1.551006751688555757e-03
1.134572686365254920e-03
2.029620798088421242e-04
6.349745427987550086e-04
6.477982231440745009e-04
1.103648736102471120e-03
2.641298975006100094e-04
-1.567124681272757806e-04
8.960384239203411476e-04
-3.944267489292739245e-04
1.168050529766886513e-03
9.990194067113708509e-07
5.279883509641230665e-04
-9.791793255905075150e-05
1.517844760941074872e-03
1.045064935035099757e-03
1.349510450737652226e-03
1.031686652383820985e-03
8.830327305902384381e-04
1.165890024911238592e-03
4.459248717006952909e-04
-4.027935365084414372e-04
1.033122024154587435e-03
3.246438458179826581e-04
3.101656198457356477e-05
-2.196129517396305168e-04
1.491571172647207424e-04
7.431866936676660143e-04
-3.529267419686484019e-05
3.943864632167099859e-05
8.403257642014150483e-06
-2.240906131648604698e-04
1.366724028779214351e-04
5.326697455518300626e-04
5.186953466300318677e-04
5.901075365803262664e-04
-9.413820793146974357e-05
-1.804515319520000923e-04
8.500908806289742166e-04
7.701860521103631859e-04
7.901290075006671713e-04
3.622574283588126114e-04
-4.400607004008162275e-05
8.868816998873424798e-04
1.401267610094839543e-03
-1.424360402610525176e-05
1.703530477517288815e-04
-2.008625512684568024e-04
1.440685204529178025e-03
1.364426953496988794e-03
-3.531735690218784185e-04
6.321368222035444453e-04
-2.911251340521199787e-04
-4.177202077082275218e-04
1.399822850790041501e-03
-2.356753803413134799e-04
2.460934552280013622e-04
1.372967215041644541e-03
1.195531600223535048e-03
2.491295785411376377e-04
5.042106737625726967e-04
4.058597499629813159e-04
1.336198011526935469e-03
-3.926110122158883611e-04
6.475963046900944011e-04
6.846886385745510131e-04
4.451244310046724656e-04
1.210366780960292791e-03
1.350880816470343641e-03
1.228663505536256150e-03
1.476209259672947561e-04
1.124167779388388815e-03
-5.207730436935489106e-05
6.188845931356381450e-04
-4.097972029329887658e-04
1.310386371193132194e-03
1.200575098316278896e-03
5.823138337137885373e-04
1.027553371761693321e-03
1.321074472618228831e-03
1.101929990113127526e-03
1.495825157766709525e-03
1.378387823094947900e-03
1.553521359957022938e-03
6.878924770934845712e-04
7.997630769647957492e-04
1.158983617041806470e-03
1.226320911932632851e-03
1.406380801159525917e-03
-1.790870018364334050e-04
1.399874642191216174e-03
7.491196638209046254e-04
1.130860927864807771e-04
-3.643871893479087506e-04
5.369192958184938058e-05
-2.983722950258852785e-06
-2.007679236391854503e-04
8.522594302431087858e-04
8.921921894058139346e-04
4.076142377294056504e-04
-6.422901302042066337e-05
4.611128580516196240e-04
5.671790990504732392e-04
1.008630581091896976e-05
5.022351260600696823e-04
-2.021327313461032205e-04
1.268357588437228102e-03
-1.052814993206764100e-04
-3.123020238969783421e-04
7.225892943663956691e-04
1.332487880466352425e-03
-4.938157464441106110e-04
-4.770707628465626227e-04
1.130053256035709565e-03
-1.004218591151364323e-04
1.078230515384569991e-03
1.006945189288961868e-03
6.991654345208880936e-04
7.363633694592310822e-04
3.684133107554484442e-04
5.857188221048673007e-04
1.463585467910070168e-03
1.512329278045255630e-03
1.315592938719389307e-03
-4.001612796434693572e-04
4.656349200055228624e-04
2.999369173656009596e-04
2.883366478278616527e-04
1.195775992470583414e-03
9.708921318277373121e-04
1.337407022927084802e-03
7.628477809013007726e-05
9.494014245285369437e-05
1.299225848049739146e-03
-1.699954805846462850e-04
-7.540527288595160187e-05
8.447139887241882170e-04
2.718046860987230842e-04
-2.436414018476347379e-04
1.381937720174184075e-05
-2.874764729053373908e-04
6.324076204267459807e-04
-1.436887952873082007e-04
-1.495144960590057267e-04
1.113046081182210391e-03
6.542962932040515987e-04
1.436504686103603362e-04
1.273534793495084954e-03
9.072657992457397761e-05
-2.025623211153269182e-04
8.266347091227562024e-04
1.248473170327327002e-04
4.954013278427040704e-04
1.155441588448356122e-03
9.301084189451546292e-04
1.424499616696077095e-03
1.327412648618842266e-03
-1.366278230511240317e-04
1.808994052188030827e-04
1.189521788986397399e-04
8.546132934288031176e-04
9.907523039557354898e-04
-1.514913049779481049e-04
1.377108759405588261e-03
-2.747123163309361107e-05
9.321285371763186759e-04
-4.663629688138153095e-04
6.320331350405403257e-04
1.371313403319299813e-04
7.660285887869559092e-05
1.395601445454146446e-03
-4.387598731336844315e-04
6.121864821760751325e-04
1.108341768122586470e-03
1.316269386465635655e-03
2.096308854844388216e-04
1.313001392928931851e-03
-3.924690899222488456e-04
-4.299505133942566472e-04
1.077968617748684349e-03
1.710660596688200067e-04
-4.731869375508780846e-04
3.269314125819724158e-04
9.969554013467129151e-04
1.340725504308045921e-03
7.881820275657027688e-04
1.357363697370474187e-04
1.484319630670662615e-03
1.040541406640914596e-03
5.937389701661412297e-04
9.196895942156644221e-06
7.551360846066324927e-05
3.812006115850664113e-06
2.840301122979767474e-04
-2.115708439829101523e-04
1.143370015907464255e-03
-2.150723097138140740e-05
7.992565571915401191e-04
1.413073960051723383e-03
1.468091539858515891e-03
2.098713526909002584e-04
9.627283359460534623e-04
2.030903570196386336e-04
-3.650034432523662636e-04
4.814351414718106128e-04
-2.269748549124734271e-04
-6.289423027932162374e-05
1.271653238025573186e-03
8.043090073397893801e-04
8.177316943995586139e-04
1.194074961626638174e-03
3.448592707387685753e-04
8.225363852728918368e-04
8.931614044606086232e-04
9.920708743991521038e-04
-3.045005209866441000e-04
1.844090651773729820e-04
-4.860892979846213402e-04
1.080926980635364644e-03
8.777057771513200766e-04
1.126273142715597054e-03
7.576286519676094476e-04
7.461298623080977544e-04
1.295538934859103482e-03
5.350430624343248745e-04
-4.546851023280648867e-04
1.135645013900042155e-03
1.378334480879991365e-03
1.237890041357030818e-03
1.359031421967108301e-03
-3.950677495105368907e-04
-2.601223549171570795e-04
-3.651075713255786835e-04
-4.626601849415903542e-04
1.330990550293449474e-03
1.807994696605720586e-04
-4.969681200307020418e-04
3.022091104083936969e-04
3.061595435658906700e-04
3.352032009069421878e-04
-3.411650910701468026e-04
1.020144889546389195e-03
1.338620083126375142e-03
1.499873785560923152e-04
6.487269744997297945e-04
6.728719659349198480e-04
7.393936990088684474e-04
2.638915737126110942e-04
1.239591330622854572e-03
-4.427414914928813009e-04
1.460243861900779438e-03
-1.767561509549860326e-04
-6.250655390160122235e-05
1.008449690277852910e-03
8.344604177007233781e-04
1.052702037968527822e-03
1.687878042000656395e-04
1.250227713815181248e-03
-4.563063586012799824e-04
4.557916547854588591e-04
4.658024529848683892e-04
1.440048616632909860e-03
4.440852444913843196e-04
1.326474345712052097e-03
1.273916421091004668e-03
9.000691788646843260e-04
1.432170143599718892e-03
-9.134078458587730842e-05
1.089982643039559291e-03
6.261796583689900044e-04
5.237566476139235384e-04
1.351824748483949467e-03
1.093456677325425810e-03
6.522779279387233000e-04
1.231016300784806925e-03
5.119819242720578725e-04
-2.096635863299488279e-04
-4.454434166715776230e-04
4.384538415293365695e-05
-4.808148309199358110e-04
1.253734702242184380e-03
1.686073391566660291e-04
1.253110026021113366e-04
-3.143771367647293723e-05
3.935150358217682294e-04
2.157808019682304484e-05
1.306712468314993550e-05
-4.212542685165945682e-04
-2.416020958278280626e-04
1.064379821199964429e-03
1.834701779070969897e-04
4.004950840373732042e-04
8.314736004026928402e-04
1.344810720806635185e-03
8.792098724421465667e-04
2.877497173269039299e-05
1.441974470056825875e-03
8.051288931075646898e-04
-3.438408178293790216e-04
-1.177338167791841831e-04
5.266821482192451557e-05
1.142084891357818960e-03
1.044631003507490163e-03
1.476254751488028467e-03
6.333615808191961610e-05
2.072654477748929718e-04
-1.384135143214031930e-04
8.094084866817849195e-05
-7.241677676125994677e-05
3.652749050898179391e-04
1.163666480120881686e-03
1.137561732277733934e-03
2.513025401438442712e-04
1.255980135770941655e-03
2.123929704985585466e-04
-4.671125245160788952e-04
1.317564575992677400e-03
-2.149373195532208584e-04
-2.158752524530653316e-05
1.330112986476716551e-03
-6.119131871586553891e-05
1.287419038105821166e-03
5.996769194173120826e-04
2.599301986487321885e-04
-1.060096346001004563e-05
1.041972890394013732e-04
-5.565990273565631834e-05
2.665820537392839273e-04
1.010456148865593101e-03
3.497532430678900990e-04
6.074405194400248455e-04
1.416214506454514452e-03
-4.146900091639589819e-04
1.501617370650183518e-03
9.050023365578844462e-04
5.428813810325612381e-04
4.428145995619012991e-04
-1.705282563482529050e-05
3.126294444274831281e-04
-4.179305280545872578e-04
1.084468995329388678e-03
8.330314395779624907e-04
2.035132660162614017e-04
1.016082934518983214e-03
7.639640342434428312e-04
4.146068607430877339e-04
1.109347767215725523e-03
8.921834327105977736e-04
1.165637648128927013e-03
1.708116495175194009e-04
5.671863175850904012e-04
7.504071910311687753e-04
8.511145073254057893e-04
6.674776991007772475e-04
1.084073466835973375e-03
-1.795348945576017872e-04
4.468727470859807662e-04
1.391342248756757653e-03
7.375910399939674539e-04
5.075777043200616328e-04
4.464175814893101587e-04
-1.476406872819784424e-04
6.401993161512993004e-04
1.231325060962880922e-03
1.389756395579068004e-03
7.572869701058061514e-04
1.147059853482569744e-03
-2.278170091205969415e-04
1.312808808359404965e-03
6.657529111960915937e-04
6.967073231956507663e-04
-4.154148059114026259e-04
6.068899592842867674e-04
-9.155431754685603623e-05
-2.624178566348988988e-04
7.590024035451172933e-04
-3.868281580959058636e-04
1.495462162451399474e-03
-1.849055960511835001e-04
-2.913539840184874619e-04
-3.578388206044563736e-04
1.294631041247794540e-03
6.544241992240644587e-04
5.229489545854165396e-04
-2.908635332440641358e-05
5.837558022313044277e-04
1.370289646679220168e-03
-2.018376287161295450e-04
3.029030400636790283e-04
1.394307164336965705e-03
1.488615756174243221e-03
-2.900603317002016729e-04
-1.284401919498562750e-04
5.498964141451723880e-04
1.390040294977894914e-03
1.995475843510316255e-04
-2.041487867408267804e-04
-2.181935670258134178e-04
-5.974288652411073179e-06
1.074854780967195948e-03
1.503653509159468904e-03
1.404724833058563311e-03
1.309636660271691145e-03
7.636110105510610872e-04
8.923054571405214302e-04
3.135041982285438622e-04
-1.354510853045330106e-05
6.828209114284908374e-04
7.420513209756824215e-04
6.447022691019653560e-04
-1.921349712129326819e-05
5.244064675462660734e-04
-1.352528769266345371e-04
2.926052730941494347e-04
3.864778698332683267e-04
5.037785337961393165e-04
-3.199692229456627167e-04
3.456828205918000647e-04
2.230207612098340331e-04
4.490218637101711695e-04
-3.364144158334363100e-04
1.398091770974828861e-03
4.432881259558221223e-04
4.406863919477874332e-05
-1.717734713576859660e-04
-2.310670705411939005e-04
4.330119954253992451e-04
-2.839256471753516965e-04
1.350125649851961881e-04
1.261913082810639129e-03
3.071353580323819870e-05
1.041949539056830987e-03
1.522965872313765314e-03
7.372557401914386606e-04
5.780295825260350906e-04
1.227194168220317478e-03
-1.931675203962609708e-04
6.539779226886473056e-04
6.345083962783043237e-04
-1.802329830546690859e-04
1.563893737438195588e-03
1.263118974144433228e-03
-1.971175387228789322e-04
-3.020927836575027208e-04
9.138705328563048735e-04
-3.428726854899925478e-04
3.348114424986764980e-04
1.431801865527175879e-03
1.293227919545153655e-03
1.168951173912819959e-04
-9.507901240360448585e-05
-1.196563787647424105e-04
6.394403016773671320e-04
1.124879883880560826e-03
-1.504962953029996915e-05
9.795976759867353577e-05
1.346238009316092204e-03
4.054521739661297980e-04
-3.492675197079273572e-04
1.350527562016820256e-03
1.250427386489611067e-03
1.258401778423395541e-03
-2.917085895270522897e-04
9.781100342068200192e-04
-5.711871336544351670e-05
3.487513353383357218e-04
8.232108052652137775e-04
9.544959775413469974e-04
7.955023195831763434e-05
6.998453202862597996e-04
-1.701502598606381505e-04
6.185901055229008809e-04
1.253210476615440789e-04
3.549028273938926959e-04
9.991175702212823785e-05
3.907982371739897928e-04
9.961989349424805367e-05
2.482751895156850501e-04
8.502858976002240689e-04
1.887770363477329276e-04
1.214477057325019779e-03
5.956410866240219185e-04
1.114998079835621044e-03
1.173471485569750790e-03
3.563729443123642886e-04
1.285462748973485681e-03
1.358837301716572137e-04
1.269070588476349862e-03
1.402424895112708986e-03
1.103403976148075545e-03
6.032438607562304496e-04
-3.805583037282131778e-04
1.236678331806869910e-03
7.384665274327423517e-04
-4.037302152409219033e-06
-4.666420248356006667e-04
4.671418459470829104e-04
1.068014072610475517e-03
1.452092083969811073e-04
-4.345027687706292632e-04
3.427450106150858357e-04
1.012442443581229590e-03
2.878409444278803308e-05
3.137802620035864097e-04
4.526675289547282930e-04
7.731946568622365297e-04
1.859820005241231533e-04
1.704669840584662551e-04
2.386530214953829206e-05
6.942557528435969920e-04
1.655895408464004646e-04
1.476537122667729695e-03
1.173560081515354504e-03
6.229300430331028522e-04
1.214511176748247264e-03
3.588876985320612494e-04
-2.327090867069688863e-04
3.139813566187755946e-04
1.375418037887929986e-03
8.775853707576722383e-04
-2.241113007670786784e-04
4.582905306488312775e-04
9.253089957571924247e-04
3.416335620091573249e-05
6.011853135309269810e-04
1.087060752283828483e-03
-4.352834758453423634e-04
-4.455295686628266355e-04
1.462010147417899418e-03
6.344956211693367817e-04
2.999099291667537965e-04
-2.227211531198984313e-04
5.079147933622751160e-04
7.295458021434955698e-04
1.850172415515643890e-04
-1.705386264331267248e-04
1.447604414940856102e-03
9.648697399380415374e-04
7.601642840902719453e-04
4.803563231105593924e-04
2.153797052936722394e-05
1.452357531742924906e-03
3.047243206968195555e-04
7.303293872352005500e-04
-2.985709920389612417e-04
3.577545405089558477e-04
-1.542570762109419190e-04
3.339241057953333059e-04
1.238738810811807368e-04
2.967045735266637800e-04
9.581695802948780481e-05
-2.845330258749326978e-05
-1.223484840690192893e-05
1.063350300715145292e-03
-2.622580134564042533e-04
4.328932076827742481e-04
1.347224359123058929e-03
8.239070074581707160e-04
5.642095748651743212e-04
1.281554391348790683e-03
6.451395885850378363e-05
4.940419283286953504e-04
-5.474879872353783516e-05
7.274142063580684488e-04
6.980263270470488677e-04
6.173684439064031303e-06
-6.994449755805644871e-05
1.062779513683708875e-03
1.065770611666641120e-03
1.049476543574099936e-03
1.286517367236630471e-03
-1.974952617223240758e-04
2.072058279599657982e-04
8.813683092059488178e-04
-4.050973856313392404e-04
-1.894443946872200379e-04
-3.474873386492244418e-04
1.370495494615659848e-03
4.075565684444443465e-04
9.726006065611405129e-04
-4.067819555186231485e-04
-3.388217541370738611e-04
1.230528570690215401e-03
-1.368198054296673434e-05
-5.155220500014030035e-05
1.499685138142680622e-03
-2.119738129936773823e-04
1.404761276647185740e-05
7.782939098758695235e-04
-2.286600431460431579e-04
7.484194397209935085e-05
7.273171269264808300e-04
2.842557383795878292e-06
2.950475953912978376e-04
4.280701231978415356e-04
4.839071657731513912e-04
4.592345500546924286e-04
3.608851927280865533e-04
1.509312364152379324e-03
-3.531534443817431392e-04
6.309863911612809302e-04
-2.827325681660572822e-04
-1.086564901101004645e-04
-3.607972439441341477e-04
4.268640532414871716e-04
8.472254455965178618e-05
1.012282503997497148e-03
1.070518448412897212e-03
-1.670383069753521700e-04
7.272681583314949318e-04
7.926851629240262709e-04
-4.433664243451527630e-04
8.982286869559887770e-04
2.602143661715398525e-04
2.399209150386473585e-04
-3.207248717084960350e-06
1.439469859362645793e-03
-2.374762403977990534e-04
1.302208313119642205e-03
1.004242379810378486e-03
-7.070611254973804035e-05
5.660095113398459213e-04
5.916368294928038563e-04
8.317999843118748828e-04
1.337383331795722122e-03
-3.894981549867398626e-04
9.960965313734364886e-04
1.198513583142678685e-03
6.796572646646558205e-04
1.375342544173541182e-03
1.420774651587331048e-03
-3.523740487343965345e-04
-4.185180745832436000e-04
1.491382693238849219e-03
1.020439730045330983e-03
1.149528923719116743e-03
1.304998786384231092e-03
8.510816375102968909e-04
7.014233304584309469e-05
8.749124098858903536e-05
7.718944004393214244e-04
1.369405924969267383e-03
3.899769480384032553e-04
-4.007362169187098349e-04
9.192675027919284050e-04
-3.173363457284468329e-04
1.966585747385546880e-05
8.672550736864229200e-05
4.101258570919905956e-04
2.153436382390200667e-04
-2.264218114916596283e-04
-5.861401132883890683e-05
2.436597660623068031e-05
4.634599313183251890e-04
1.475694708682683768e-03
1.002214270773210680e-03
8.661402138953948294e-04
1.009008186023493443e-04
1.010297897931070705e-03
-1.574416256723749387e-04
-3.745560468235867389e-04
-2.664724857423588986e-04
4.689778330228875735e-04
5.105448031052088912e-04
1.295062814339845159e-03
2.598800297073929435e-04
4.146936066813829147e-04
6.034679297339509609e-04
3.598824931947243260e-04
3.962404232560692591e-04
-4.954810938801428987e-04
1.202635905248304344e-03
1.401755217924429992e-04
-4.687721454959770323e-04
-3.299745656479609475e-04
-1.225138728141672790e-04
-3.164468567729634605e-04
-4.629363821600128914e-04
1.188784375892410535e-03
-2.445824903683047969e-04
-4.174091436165149353e-04
3.352919179548170163e-05
2.975906370738725260e-04
1.004873307642059274e-03
1.439308445449875807e-03
-3.034796656826511995e-04
2.058282672419051141e-04
8.408555536256154023e-05
9.933290863705674257e-04
8.803519695870517072e-05
-4.089736732326472316e-04
6.139050623137392226e-04
6.578671397289421975e-04
-2.013397112955005045e-04
1.362403392458657030e-03
1.479108523308940697e-03
6.674630003343086197e-04
1.260587824559116161e-03
5.964321434668163734e-04
-3.498998309761697158e-05
1.314866754035539341e-03
-2.023770920452956244e-04
1.064379597706929369e-03
1.443574296221237629e-03
1.318383714013121209e-03
5.631657513347772910e-04
8.170518547159142091e-04
2.332114269465627261e-04
7.334201556498642352e-04
3.746438555995328166e-04
-4.819369001508541119e-04
-2.286895846868050130e-04
6.032593860103986454e-04
4.794963400070213354e-04
7.396841396466429918e-04
2.990469723987665657e-04
6.336542459762647354e-04
