6.093599490093692950e-02
7.327770718640591596e-01
4.426835905307381358e-01
2.224514601381292200e-01
1.557062615776962922e-01
3.516694650651038812e-01
7.097871367525567798e-01
8.135411705846162800e-02
7.708841764906297911e-01
4.925243387640851900e-01
8.470457870248426779e-02
9.941871031519774471e-01
3.351553838863140511e-01
8.229566054263932617e-01
5.808340460238894387e-01
3.132081433328992581e-01
5.578918687876589511e-01
2.721388306721163053e-01
6.278331158569263604e-01
4.327672472984879226e-01
3.200376653300545104e-01
3.382975422640308594e-01
5.149012325484381147e-02
4.455932590531119786e-02
9.627234757742019200e-01
2.031506911647943392e-01
1.576769311796153428e-01
7.015495522280974505e-01
6.780112918238712094e-01
5.549667065517448483e-01
2.809078882530761101e-01
8.951711136943554248e-01
1.592260023350920983e-01
8.298564307945412999e-01
9.402789720326691913e-01
6.654075331366783308e-01
6.933643176731988378e-01
3.229815924374950242e-01
1.094791902097423941e-01
2.728870966608766269e-01
6.683756677519360201e-01
6.748649103730742782e-01
7.619007493111761287e-01
8.140610997913670932e-01
3.575738158076553486e-01
1.532626358059268057e-01
5.594274172685834712e-01
6.729203835781820686e-01
6.776459990124730215e-01
3.954606150374709861e-01
7.048315615431443026e-01
6.206036183630670999e-01
9.184754121142035821e-01
6.193723538631240588e-01
4.938512714582987684e-01
9.484428015808711310e-01
9.800339469396885939e-01
3.086070361631301218e-01
5.507133801842414300e-01
8.013296455596706780e-01
9.968070855175208411e-01
4.524111421932808241e-01
5.094586250313678510e-01
8.828301217658222066e-01
1.121968597584647176e-01
9.024126659825164598e-01
8.618026144886722362e-01
3.999782885242619823e-02
5.814282104553765151e-01
1.743483274163316610e-01
1.775529063810831198e-01
6.435036010968837594e-01
5.594469385376181769e-01
3.125216859107192713e-01
6.049403823899446309e-02
5.934835671165711313e-01
3.513037860111258848e-01
3.013828169186725248e-01
2.055678965002883940e-01
9.289014292056620992e-01
7.753893233290705123e-01
7.015869875095538388e-01
2.111800743476721642e-03
2.508733969444389977e-01
5.863651746917346586e-01
3.821028908705629279e-01
7.796088255356254937e-01
4.028166646286086561e-01
9.820561834508496624e-01
6.502795760358051069e-01
6.146311235837907949e-01
3.755986712265315663e-01
5.810785245421266065e-01
7.569132068031338978e-01
5.923643670487198643e-01
7.598958399911338590e-01
7.803095559314603413e-01
4.619883310272265842e-02
1.103467654368928130e-02
9.997873569119979376e-01
2.449806353916775814e-01
7.991057947362109060e-01
2.119954137448163412e-01
9.091089739871652808e-01
2.571208661267762041e-01
8.995890532597374811e-01
8.569760443849909759e-01
2.187995022199688000e-01
8.954356642748362294e-01
4.501105829196754282e-01
9.104877267010862418e-01
8.600060479219492349e-01
6.203468369400364502e-01
4.841991023052635290e-01
6.726234682428253731e-01
8.455747070784815911e-01
4.305793941490616561e-01
9.191198169601761947e-01
9.956662663183404316e-01
4.978712356019474594e-01
4.342044959305524365e-02
3.844097699741793051e-01
8.732250393091093299e-01
4.470375652462896809e-01
9.523840541309042118e-01
3.290981634632957897e-01
8.252591498574668449e-01
2.266492959997300494e-01
7.812417807036454720e-01
5.606850262970159982e-01
3.595358123866621014e-02
6.040408885138744965e-01
3.025602880797313432e-01
3.673420946067477155e-01
2.952827151156767194e-02
7.444384143493225636e-01
5.166191026593847102e-02
4.297441271218851444e-01
6.521140305974237883e-02
3.237366389975563363e-01
3.246850628442704556e-01
4.055059930727296091e-01
3.787756295303301712e-02
6.687839620136288854e-01
7.336849437017377573e-01
6.075870664913995967e-02
4.820140278239375409e-01
9.250529522388617476e-01
3.600723915443416745e-01
3.120128441418522636e-01
7.441950180179106589e-01
2.529396357518176597e-01
7.140479726834678686e-01
1.027654597351931320e-01
7.767358917594346934e-01
1.411898938351249244e-01
2.996716216407999678e-01
1.809080834607288413e-01
2.271057947956655054e-01
1.762538776072142266e-02
5.864557340479099601e-01
5.568184994117321152e-01
4.142976277376660965e-01
5.058349296875842560e-01
6.187786293592297815e-01
5.800152424280324848e-02
2.642004661784260744e-01
3.985991683244438644e-01
4.078004940169086545e-01
1.339375632951119721e-01
4.699300637955208249e-01
8.909689971905923045e-01
1.982334096920761457e-01
5.664816332677523603e-01
4.320026196854820366e-01
4.051982170763734903e-01
3.578261843745194071e-01
5.188631790039893721e-01
5.272811804919574907e-02
2.825661534590588886e-01
6.077789409515863550e-01
7.654721967588320464e-01
2.651593408164203414e-01
3.648349823563505900e-01
8.522508624208819938e-01
2.451876409281731339e-01
8.033723667771770494e-01
1.351716580031726567e-01
8.988344833724861704e-01
3.930775221482440962e-01
8.850617344552993426e-01
8.380097712663813203e-01
8.026098257422683568e-01
3.509002139214837390e-01
1.361498956516892234e-01
7.688405951252449411e-01
3.878353804967968887e-01
2.066972114853058429e-01
4.303632651448174862e-02
8.485410410493282596e-01
3.757514909434287453e-01
5.442683737822462398e-02
4.667520085714118583e-01
9.570177683743830155e-02
2.191383202201504510e-01
4.715639487965012089e-01
6.039941208035993769e-01
9.757175634011400200e-01
3.617054595770502479e-01
5.104009786001593163e-01
4.182058921340090496e-01
8.587015680487042335e-02
5.200678161928140586e-01
6.766193958547216392e-01
7.019684938067157765e-01
7.876060178721979721e-01
4.294926687357901729e-01
8.796091133046139987e-01
8.978672322655951721e-01
7.260852598076750208e-02
2.262057643812831476e-02
3.546187491219257026e-01
2.712576322955616570e-01
5.443293147837642287e-01
3.619301642159697963e-01
5.424730809349904703e-01
8.569778301943326015e-01
3.550484383573759839e-01
4.345421336777841592e-01
3.114652177191016280e-01
8.603955059931289728e-02
3.731407979262914010e-01
3.227252866822317712e-01
1.756789446411597400e-01
2.977076446234282470e-01
2.790271513205100362e-01
1.839352350255298862e-01
1.946684253118867725e-01
8.296336741511477486e-01
4.198837461250877201e-01
3.447134007744900863e-01
8.552545705911410723e-01
8.185853932968103486e-01
3.901678931145483586e-01
8.970712055411854680e-01
7.726820726164833619e-01
8.726653512241967503e-01
7.442376384838521597e-01
6.299615439262445937e-01
4.420442466014247174e-01
2.052650170444884070e-01
4.721618877047774054e-01
3.014964645529225606e-01
5.412735020725555346e-01
5.547359746346852694e-01
7.165946247002130676e-01
3.591579275428526952e-01
6.689193447533371417e-01
9.232075023329927577e-01
8.720349746629108001e-02
1.207137056363724037e-01
7.496890033204937076e-01
8.520195731708170017e-01
6.464609791238736802e-01
7.062519049414183181e-01
2.159692687966209279e-01
8.190145453458662628e-01
1.930278749258946824e-01
9.773447356846556300e-01
3.532421881152391085e-01
1.420827817891782141e-01
8.146003335148085389e-01
7.556542052694380507e-01
8.654144659293926400e-01
8.537807813644351373e-01
7.184574449525582551e-03
1.315083961825019854e-01
4.535704543911939224e-01
6.799514156548586152e-01
9.248926329060336293e-02
6.054725661071358456e-01
8.379468481130374347e-01
3.720416947110536388e-01
9.881136587530824356e-01
8.069193751918417590e-01
3.577756676241125033e-01
5.696395850407400818e-01
5.733716690279316852e-01
7.796966772824724945e-01
3.761098867238583665e-01
1.731112842559885401e-01
6.806222857477517429e-01
4.819459138693749090e-02
8.350978382304791170e-01
2.527309070668490865e-01
4.929988812848182800e-01
1.892175934793914882e-01
9.955177844027210954e-01
7.935965528059131247e-01
9.165227335691242816e-01
7.500323634047744159e-01
6.888141502777311853e-01
8.016714493133383357e-01
4.732694658185218062e-01
4.396691109381112295e-02
7.902073449693024498e-01
4.049002697965921049e-01
2.545292159894497752e-01
1.369570858618289755e-01
3.260840831100482173e-01
5.994772071219351961e-01
2.332477459288173627e-01
2.742517765982400713e-01
2.545444738930355832e-01
1.348496897184568999e-01
3.227672937519816543e-01
5.234404462664185020e-01
5.149588788959420516e-01
5.425308566800064458e-01
2.081690352810871003e-01
1.511702134003574116e-01
6.557458626268864998e-01
6.476047523806087725e-01
6.453464963129075249e-01
4.452642138325023646e-01
2.372850826446368799e-01
6.734451965108014804e-01
9.657179793690016112e-01
2.322018733009377778e-01
3.309068085768258616e-01
1.512696979320067303e-01
9.878201683188883031e-01
9.274742295139494219e-01
6.933101027654886561e-02
5.766200903765446029e-01
1.051691499548480513e-01
3.632667387080423804e-02
9.309561467310659699e-01
1.219071271656418931e-01
3.743311232496179253e-01
9.337088523836744036e-01
8.581224498945263512e-01
3.638889370444260418e-01
5.057824518064011343e-01
4.408072943270954225e-01
9.130779787666926106e-01
5.330126926435729828e-02
5.748326825080600777e-01
5.889135590788916463e-01
4.846039978330494158e-01
8.529054890498163344e-01
9.094980751777592687e-01
8.642208142893895717e-01
3.069390999947266829e-01
8.324124802596924999e-01
2.244314394371926813e-01
5.778892770859428429e-01
3.804993488545671543e-02
9.041220023039397979e-01
8.434597711487011873e-01
5.426285807243054204e-01
7.742757181269736000e-01
8.817160825605370178e-01
8.058779029197903343e-01
9.740369450453265632e-01
9.439403379773998459e-01
9.727203585772685734e-01
6.047752937433125142e-01
6.349784779259503020e-01
8.258800802179666611e-01
8.396742297246880815e-01
9.352793979392231005e-01
1.562961116245455973e-01
9.409496254251842329e-01
6.439373711388511889e-01
3.111118447577608803e-01
7.260104723180449415e-02
2.771557597064708833e-01
2.410491906394338635e-01
1.431678279026745715e-01
6.654123175191507533e-01
7.088214886416150939e-01
4.409578165993731647e-01
2.047916039022276147e-01
4.818655876055445431e-01
5.188815119446652524e-01
2.580303645407575619e-01
4.907312171605549000e-01
1.512624639765282053e-01
8.840610663968024863e-01
1.971210589427940807e-01
9.310904340863324080e-02
6.140143078981568081e-01
9.150674341098699038e-01
8.266771991366717032e-03
1.038485987567283608e-02
7.961576592637437111e-01
1.976469795571988985e-01
7.927501217068233519e-01
7.447150813308003325e-01
5.884359257195908022e-01
6.188970112994829353e-01
4.307421903965628074e-01
5.493633755242215422e-01
9.363222351765706497e-01
9.863770129683878674e-01
8.866763561299604302e-01
4.755227403084427706e-02
4.880348853910791984e-01
4.131319158395050373e-01
3.977775251200943440e-01
8.351402431235686041e-01
7.389469703207766083e-01
9.293575731062352352e-01
2.901947623977212398e-01
2.966224082980608578e-01
9.157059006574540527e-01
1.712474900889432439e-01
2.127345432425802318e-01
6.631655830011792263e-01
3.987627063864656041e-01
1.300772537034681209e-01
2.581223202912124037e-01
1.044996537781655022e-01
5.806833782057596594e-01
1.759702853131697164e-01
1.678014063739199369e-01
8.056364902097986613e-01
5.621979381626184269e-01
3.168810963895433153e-01
8.797610539920333039e-01
2.924102980308236344e-01
1.450025701066683936e-01
6.468270134685192296e-01
3.063735745514376552e-01
4.953685058419590170e-01
8.283031574319220658e-01
7.108017452628088151e-01
9.308527017973781126e-01
9.203012943829474990e-01
1.928498221945971203e-01
3.341192139005727535e-01
3.065199697674096946e-01
6.703682759745375197e-01
7.300324521826138113e-01
1.751734901075800988e-01
9.330487367096538254e-01
2.394459366092370756e-01
7.310189796116659533e-01
1.760611719780347251e-02
5.631672802169936931e-01
3.171546439675350104e-01
2.938148210200430821e-01
9.605224284417007707e-01
3.251985942616508751e-02
5.708739642498492639e-01
7.898765066646387112e-01
9.151311980123506551e-01
3.459335539972292484e-01
9.148575031393312296e-01
5.207840171366207027e-02
3.630179433804114897e-02
7.643491727197220253e-01
3.344082672843811110e-01
1.163285056026008846e-02
4.058646958321036058e-01
7.331496917270076130e-01
9.135362931328098179e-01
6.205546086348147083e-01
3.122152592553274486e-01
9.574325193251815858e-01
7.182506166240996137e-01
5.343992290141309498e-01
2.597168343330769069e-01
2.778255376447927860e-01
2.582097352574544979e-01
3.813911927809556790e-01
1.459649911710105830e-01
8.242655375910391546e-01
2.412332987054116584e-01
6.321570971173210429e-01
9.363707796066269573e-01
9.865210066363470087e-01
3.425820408952627849e-01
7.315348671536359149e-01
3.542216312723525107e-01
6.590587071023767951e-02
4.898145092948491541e-01
1.439224998532566691e-01
2.084732953474057737e-01
8.820449482475548608e-01
6.688164018819326984e-01
6.650836202171203082e-01
8.318405238954629244e-01
4.119096855112333033e-01
6.658572155321246244e-01
7.037546518505435333e-01
7.641648527219672138e-01
9.801782095962197072e-02
3.461901303663851293e-01
1.235026552868190297e-02
7.686266531801493329e-01
6.737309099175482485e-01
8.150085060961105299e-01
6.586794960377014840e-01
6.062213254708248567e-01
9.115237271729252910e-01
5.207068226703673863e-01
1.681203152503141229e-02
8.014141188788882486e-01
9.348313290149907751e-01
8.515797161470064491e-01
9.246108101517940270e-01
4.909468695084540091e-02
1.197020425671025956e-01
7.079859232573670891e-02
2.131209762341401692e-02
9.341656242237336150e-01
3.472121215315024934e-01
1.315882724722272634e-03
4.000818277769194742e-01
4.070680661325054572e-01
4.152509634371398528e-01
7.928671733206082983e-02
7.450328021662185884e-01
9.166540272199426020e-01
3.116821106104863404e-01
5.667509073073698778e-01
5.991831645780746340e-01
5.965861132478592621e-01
3.853812643314771247e-01
8.879240557901594277e-01
2.776471701854832386e-02
9.624478093053218108e-01
1.639339334808259663e-01
2.135636771262762190e-01
7.398329185012265663e-01
6.648561163706014909e-01
7.656932684865671579e-01
3.365751017217688545e-01
9.077408427361857157e-01
1.653092731804073345e-02
4.695646935095934005e-01
4.785797623674893364e-01
9.743153431050046720e-01
4.531616844218911977e-01
9.165813149356620837e-01
8.472273786917799976e-01
7.142467095059594762e-01
9.447066596340940592e-01
2.063569277611323471e-01
8.052171519334045957e-01
5.717512796491051041e-01
5.109412443743734933e-01
9.351630243767622419e-01
7.890815840625133859e-01
5.552919069560986465e-01
8.556478485413431256e-01
5.008095515161242739e-01
1.441837979305209405e-01
2.589411215169612479e-02
2.632938381808521688e-01
2.281172828116351248e-02
8.863020007434122549e-01
3.235224436613728383e-01
3.130182040639710728e-01
2.388609415551264936e-01
4.454244767880510825e-01
2.624585588797809788e-01
2.571557901367119703e-01
4.461539648792633983e-02
1.303670316826266440e-01
7.650569033385768991e-01
3.460802851347077880e-01
4.364819387811612605e-01
6.555390775038877349e-01
9.555531819465988841e-01
7.105503657130106676e-01
2.615340369389436148e-01
9.668324889788360021e-01
6.109046877201634862e-01
8.367950442796334709e-02
1.952654602759084090e-01
2.704446651891599940e-01
8.108122387413438936e-01
7.594750526292350923e-01
9.915831529763036167e-01
2.783541380931663367e-01
3.448066189678855586e-01
1.701655845385424692e-01
2.763308567735058840e-01
2.130103306548249975e-01
4.334270826391964926e-01
8.664550423950441171e-01
8.230546872805498682e-01
3.809812616262915341e-01
8.446258594244376861e-01
3.406434603897274815e-01
2.137974489418514867e-02
9.145455005516551772e-01
1.535323042295434481e-01
2.307914613402712867e-01
9.138546833094085553e-01
2.258621589862117585e-01
8.810564071320093893e-01
5.607165343380112743e-01
3.770236132518579586e-01
2.509764612516099946e-01
3.055010621545487526e-01
2.176673890337544881e-01
3.820608359811437094e-01
7.538760366264065649e-01
4.190149598076313708e-01
5.523262430920524713e-01
9.754184427518639566e-01
3.726954601517862287e-02
9.838904638593678476e-01
6.960485183301489132e-01
5.067272769444428615e-01
4.814571947492509718e-01
2.396952997098988902e-01
4.034671645747186508e-01
4.065591320908268358e-02
7.836810125644987357e-01
6.614425839076804037e-01
3.436078027344083852e-01
7.554293961940208302e-01
6.317327338046123675e-01
4.658642333235017974e-01
8.160328806182319816e-01
6.813007113899426370e-01
8.065215565965835331e-01
3.243947415185922667e-01
5.474201331056983699e-01
6.155818796561136619e-01
6.807066381422545165e-01
5.873979256985337738e-01
7.858071869664894349e-01
1.581265176291157815e-01
4.868712650010941223e-01
9.383394433184230055e-01
6.171437524821281606e-01
5.078162160321320062e-01
4.728886720593937776e-01
1.742257530250583830e-01
5.744651366792788982e-01
8.540864094552825803e-01
9.300223126669103779e-01
6.340672963824489639e-01
8.291949324287271050e-01
1.329921364592180355e-01
8.717951558506302767e-01
5.852630959085745044e-01
5.797277191103932248e-01
3.005494460765667508e-02
5.710333065844387379e-01
2.015584994082627590e-01
1.266047918142549911e-01
6.483732434549475121e-01
5.792574068712919022e-02
9.995890521268727680e-01
1.584254380549550145e-01
9.231285576807302107e-02
7.171870342869879345e-02
8.494831086753306115e-01
5.878132247407796829e-01
5.201313590232582440e-01
2.432743832213375423e-01
5.312336661399750248e-01
9.424789782805688132e-01
1.473585709404138244e-01
3.966191960267653194e-01
9.485127569738761588e-01
9.995147518974963896e-01
1.070401073105711198e-01
1.987858449209612965e-01
5.341259297503646586e-01
9.312016901282902381e-01
3.528494956753835954e-01
1.453455831774286278e-01
1.349914070591203830e-01
2.459077898713492027e-01
7.836184186688351927e-01
9.772817821885934064e-01
9.395044100062978076e-01
8.852054075164093039e-01
6.552591011876824911e-01
6.868252194316523118e-01
3.889108481360822323e-01
2.430009482345921734e-01
6.108572742713168635e-01
6.272846629333068691e-01
5.843662035811981736e-01
2.317168981611112955e-01
5.048020420704127931e-01
1.723386153026090772e-01
4.042855557648125098e-01
4.519081448271283774e-01
4.937417998583337742e-01
8.871862998783575094e-02
4.093782288024098159e-01
3.542871731145299519e-01
4.670158195536556756e-01
8.798084764100533306e-02
9.075596344130550941e-01
4.739903471828900150e-01
2.728723355862641142e-01
1.818489113301657856e-01
1.182301998589236902e-01
4.785470517677352653e-01
1.189700867942489193e-01
3.232994035809696465e-01
8.894006249590951096e-01
2.625842889963462268e-01
7.661709389079925936e-01
9.840627911442791920e-01
6.162129985035732505e-01
5.190915783730808419e-01
8.743056158753831353e-01
1.550838886017866791e-01
5.737256799572151289e-01
5.549369928608988145e-01
1.586973311705727196e-01
9.816491664314775933e-01
8.748900651390252303e-01
1.612879931448666371e-01
9.368460055610650095e-02
7.210065053920131639e-01
8.480940350249732695e-02
4.145197720579330003e-01
9.662115180920557433e-01
8.767682567812377092e-01
2.984542512590927510e-01
2.034690353932396834e-01
1.959951005518263401e-01
5.580134778144658636e-01
7.822225021475899265e-01
2.374369413247521265e-01
3.056743876234579993e-01
9.352725663827229363e-01
4.599340863001820656e-01
7.910891140039322256e-02
9.188102167320160163e-01
9.017484887527671411e-01
8.961806944664070240e-01
1.105020549562578669e-01
7.381416594630761940e-01
2.256703577821268514e-01
4.246100414138821444e-01
6.808784045631416371e-01
7.213470176164388237e-01
2.889755240291661531e-01
5.972863820315679195e-01
1.560319250153264781e-01
5.607887905165674924e-01
3.068624228871378312e-01
4.448392691472164984e-01
2.952247290187702822e-01
4.466693315824495913e-01
2.878264953503654189e-01
3.736257278582970631e-01
6.766445614484127846e-01
3.331308641403529780e-01
8.657381491146388663e-01
5.436822638785268058e-01
8.165274530503386918e-01
8.687078052127013006e-01
4.295723751688608205e-01
9.055790486558654706e-01
3.210559495176282807e-01
8.569161403063904059e-01
9.361622703117800093e-01
8.184868243386038689e-01
5.428645520733630381e-01
5.284871390477274833e-02
8.567958539136746321e-01
6.157593797060428864e-01
2.551627267558400636e-01
1.421538365294350292e-02
4.785865881683153411e-01
8.071815071662914454e-01
3.180471860805980100e-01
3.026510280144456555e-02
4.387947074966136451e-01
7.562639301360007948e-01
2.559311796828444008e-01
4.104871738658260050e-01
4.748836533545283123e-01
6.344655695421508312e-01
3.449113897076148127e-01
3.422734796571864635e-01
2.652233995581734227e-01
5.958815280783078538e-01
3.340817076820185028e-01
9.738250331427242834e-01
8.441791481220409787e-01
5.311851031773304754e-01
8.591721411502595274e-01
4.226874800447176783e-01
1.267992247489222457e-01
4.144995452865818386e-01
9.454577293694773621e-01
6.917603882288946293e-01
1.477511809915497132e-01
4.691533469180975136e-01
7.265740584675947078e-01
2.627338818044819835e-01
5.622011694299324791e-01
7.931296924289690242e-01
4.071581983081962175e-02
2.899466588035515269e-02
9.647093052129614987e-01
5.804714517695611642e-01
4.037978774748525179e-01
1.339268745675635808e-01
4.941993065451957268e-01
6.279249070989483261e-01
3.375813888134284735e-01
1.692147975286933947e-01
9.543641527054761431e-01
7.492893820155782647e-01
6.174303783143593183e-01
5.035240657319434154e-01
2.552341519250730384e-01
9.943154050286751033e-01
3.970446294470396653e-01
6.155103470731356774e-01
1.003056410194651527e-01
4.220829860147727874e-01
1.796431399993362321e-01
4.186463411002543378e-01
3.045569696695888950e-01
4.067660033444419065e-01
2.959429332376209976e-01
2.442058347129372198e-01
2.342080953466059157e-01
7.735229668824420424e-01
1.168504249859108057e-01
4.510629537366762642e-01
9.325543578616798390e-01
6.682366443169558412e-01
5.173898677299899607e-01
8.786781433906305505e-01
2.823068695647424908e-01
5.057509427036654959e-01
2.141839015297168913e-01
6.302947577067352647e-01
5.945710018089497284e-01
2.402255772057168004e-01
2.177238467175376391e-01
7.898565282614226080e-01
7.626890062416153970e-01
7.566381916864113322e-01
9.119863293866141696e-01
1.511503192656791228e-01
3.534455267240821374e-01
6.994707431472345638e-01
3.918716020935963940e-02
1.519395923746950094e-01
7.160206283364445312e-02
9.600692108293478189e-01
4.562839814270392980e-01
7.351263222914093953e-01
3.331817874615849995e-02
7.936795212567193669e-02
8.572835240871458096e-01
2.500463981208299602e-01
2.210789694303709751e-01
9.794309296184509073e-01
1.422614471704655159e-01
2.604127232727674324e-01
6.420320162080133120e-01
1.348265436121472982e-01
2.918145308122596093e-01
6.346170798435452065e-01
2.477132094047128641e-01
4.000524696979330663e-01
4.649829684604082081e-01
4.891415276880043406e-01
4.781158643015490650e-01
4.191189963805472818e-01
9.984364710676336685e-01
7.287549279236560373e-02
5.469130087976372678e-01
1.074682120569852017e-01
1.971179865889844951e-01
7.219544761265728194e-02
4.702079544979971271e-01
2.949132312397803046e-01
7.463581971188885111e-01
7.855202095414053343e-01
1.680578587175057814e-01
6.263232535462148753e-01
6.434927542236381637e-01
3.243819175882900474e-02
7.089246981490266997e-01
3.829206833506972885e-01
3.564918766067040057e-01
2.445749932323486586e-01
9.639475159854883346e-01
1.301163096470715486e-01
9.242636395758887513e-01
7.529880745020619548e-01
2.225319668331781076e-01
5.319111117778875242e-01
5.689795898161424947e-01
6.674560489729621793e-01
9.295602678775974903e-01
5.502047357762329671e-02
7.623119345942396263e-01
8.284289440394935200e-01
5.727619798527341377e-01
9.192081721712753728e-01
9.716581552697683977e-01
7.855214213389660749e-02
3.986680076243864779e-02
9.979293597832443741e-01
7.561497640596324121e-01
8.213613260591234866e-01
8.509849465526529988e-01
6.857025943957505421e-01
2.819183893329029189e-01
2.817982560742340326e-01
6.420435294574809992e-01
9.658274670483493196e-01
4.588863472376752961e-01
5.270468378510362317e-02
6.867668607283058391e-01
9.422042794734786231e-02
2.626597367047999176e-01
2.928093921391998755e-01
4.437072369808985339e-01
3.728282593955474233e-01
1.312510317532237236e-01
2.226473776453069542e-01
2.532088045341586158e-01
4.698473475851784320e-01
9.922991236773319734e-01
7.613930677857839724e-01
6.905001490754272275e-01
3.062311722831001504e-01
7.387288567751538748e-01
1.750610330917219404e-01
6.709346876155919404e-02
1.158591708793055286e-01
4.675297303143775007e-01
4.988801130872497769e-01
8.886923727800083439e-01
3.875434774958420592e-01
4.629266350659710927e-01
5.493014860715634828e-01
4.327699099121427029e-01
4.579809036828481617e-01
2.659712354361687403e-03
8.531498690846690547e-01
3.233363437895094838e-01
2.646315410721311601e-02
8.389688707559406211e-02
1.889350506630740334e-01
8.630929098960837820e-02
1.476797816875530245e-02
8.303008326499697889e-01
1.320615652314010013e-01
4.646293849188931624e-02
2.684225129560271483e-01
4.069762060309662921e-01
7.534136927737571376e-01
9.631070139101053362e-01
9.478236990224686576e-02
3.539021631190284456e-01
2.910891234544932260e-01
7.386874457805311378e-01
2.913830280606660716e-01
4.183521681803614722e-02
5.457544714885251835e-01
5.923788641970755275e-01
1.443408776216498213e-01
9.613156605793545806e-01
9.800167284192989881e-01
5.795387179832104385e-01
8.711530114441929928e-01
5.424687602238830175e-01
2.354459768590065893e-01
8.932787856573204399e-01
1.530630333628032469e-01
8.001710239808438319e-01
9.465487171487678708e-01
9.158755146898185373e-01
5.334369069101166927e-01
6.572935476789075748e-01
3.697795095592003589e-01
6.313850308887768437e-01
4.419777704476423041e-01
6.721138126019821080e-03
1.371377621498615085e-01
5.610243623952686498e-01
4.877465890245827884e-01
6.526148853080717682e-01
3.889182512218964938e-01
5.821681886807067441e-01
