1.174463673287931380e-02
2.914307282678626262e-03
1.485273018037762578e-02
1.000705885631657070e-02
-5.554852979777680959e-04
-2.432488172728397135e-03
4.667835866632670527e-03
-6.393830413080959282e-04
1.326944884429420712e-02
-3.685546127733732927e-03
1.288333820859745987e-02
-4.211576521498535189e-03
-6.709357658792603472e-05
1.000379856882735452e-02
6.023975815362272480e-03
-3.302579002893413305e-03
7.077066273802874383e-03
-2.294888825300676893e-03
1.131269519713985240e-02
3.714658937185963405e-03
8.033474996481361485e-03
9.867124906463468209e-03
1.244288654447947388e-02
6.555864958121985185e-03
5.167409758582074304e-03
2.362239860579824335e-03
1.240933355738708596e-02
-3.373428466429161717e-03
9.253959274285367825e-03
3.244490932799384657e-03
1.503936921374672726e-02
-2.491106829621720590e-03
-4.257439288956634676e-03
5.527068247919596743e-03
-2.113417112744779038e-03
-4.381134384011746950e-03
1.167371561627971073e-02
1.325852496530910592e-02
3.206511658374443935e-04
1.131038864929996730e-02
1.451536105531057996e-02
2.580850020393628610e-03
9.166990501690482421e-03
9.287319101377141534e-03
-2.137820943260746549e-04
8.559015494225587217e-04
3.741015796373751978e-03
6.966549413326801436e-03
-3.341884495897687324e-03
1.529108304525617556e-03
1.042833980185334589e-02
6.191372942171336283e-03
9.177254645319016246e-03
1.365563634516726854e-02
6.363248105704896393e-03
7.404453582354976818e-03
7.880024440770471567e-04
7.298891124200805082e-03
2.834227098351003917e-03
-4.947620979204845476e-03
-1.974340441504492463e-03
1.656014450153690289e-03
-3.813609359035840911e-03
-1.784720937088858173e-03
4.066390210485566065e-03
7.389942006737982606e-03
-1.465823919984344343e-03
7.240067361596438759e-03
4.184446383607944540e-03
5.625068207013764199e-03
4.241032010982575141e-04
-3.994621407283253413e-03
1.115977053843378829e-02
-1.151347037432011314e-03
1.478804506675235851e-02
4.827577181931687160e-03
6.692008806393733196e-03
4.963521268867672302e-03
1.154416654818525047e-02
1.320314015113531469e-03
9.855166800734270829e-03
-1.584669455582445171e-03
1.052237129949788394e-02
-3.857427652318128411e-03
8.382636366416645890e-03
1.282715598086998574e-02
2.477485346145088911e-03
1.008478380243933888e-02
1.426507897593233543e-02
2.985802156188807621e-03
-4.262794415227437808e-03
8.027850038020218487e-03
1.523671316829778091e-02
1.164544620244069816e-02
1.083230608408807319e-02
3.619482397830475415e-03
8.444464165305511083e-03
1.145441056075797298e-02
9.532755438781442131e-03
-4.336936480382998574e-03
