1.174463511429005638e-02
2.914305760563877783e-03
1.485272907383733063e-02
1.000705768180916097e-02
-5.554862338284265654e-04
-2.432489331345688219e-03
4.667835024726282173e-03
-6.393840458654354757e-04
1.326944799700259699e-02
-3.685547502896980524e-03
1.288333701820537289e-02
-4.211577882272024738e-03
-6.709473633079942559e-05
1.000379755369298906e-02
6.023974177699949022e-03
-3.302580347118897700e-03
7.077064820818235527e-03
-2.294890302238439522e-03
1.131269303921737454e-02
3.714657194309688680e-03
8.033473348272847370e-03
9.867122906860457260e-03
1.244288426274760447e-02
6.555863217546711863e-03
5.167407254055432671e-03
2.362236577209965785e-03
1.240933109274468434e-02
-3.373431128939681934e-03
9.253956599495705496e-03
3.244488128931701919e-03
1.503936643054870625e-02
-2.491109437010788265e-03
-4.257442374779354423e-03
5.527065288518263377e-03
-2.113420792453291324e-03
-4.381137729034598541e-03
1.167371216376156262e-02
1.325852140528780039e-02
3.206477816860773796e-04
1.131038429220597094e-02
1.451535664336013609e-02
2.580845939011285842e-03
9.166986654305252571e-03
9.287314718853162399e-03
-2.137871178521527919e-04
8.558972768837702465e-04
3.741010688168052399e-03
6.966544943664301076e-03
-3.341889505951890858e-03
1.529103130208341261e-03
1.042833495303282891e-02
6.191367795077211238e-03
9.177248981421491647e-03
1.365563104762444746e-02
6.363242484890918073e-03
7.404447755114684955e-03
7.879970939069709827e-04
7.298885458304675208e-03
2.834221284022545549e-03
-4.947626583762790818e-03
-1.974346106714542238e-03
1.656008244114195701e-03
-3.813615345798834246e-03
-1.784726942112015938e-03
4.066384142121224655e-03
7.389935944823081138e-03
-1.465829869889173805e-03
7.240061315309798996e-03
4.184440070067873586e-03
5.625061999873123310e-03
4.240968779983338675e-04
-3.994627633648359204e-03
1.115976413199871835e-02
-1.151353242835430075e-03
1.478803859261456841e-02
4.827571046933285502e-03
6.692002477249181860e-03
4.963514984833327336e-03
1.154416023272791976e-02
1.320307660646677719e-03
9.855160342753504360e-03
-1.584675999807930256e-03
1.052236491674858436e-02
-3.857433782513340105e-03
8.382630297764653501e-03
1.282714973543535447e-02
2.477478873582209581e-03
1.008477758012015640e-02
1.426507263923316483e-02
2.985795853317260891e-03
-4.262800484688234609e-03
8.027844042895764323e-03
1.523670718804148554e-02
1.164544028247237704e-02
1.083230032547264146e-02
3.619476573003878664e-03
8.444458303379982766e-03
1.145440468240631338e-02
9.532749649349421539e-03
-4.336942067141783333e-03
