1.174464149515936154e-02
2.914312183803286892e-03
1.485273565452488974e-02
1.000706430182072421e-02
-5.554800748838545571e-04
-2.432483278900502560e-03
4.667841176397988061e-03
-6.393781541938823969e-04
1.326945393132492046e-02
-3.685541761302665951e-03
1.288334282445548727e-02
-4.211572292051711172e-03
-6.708914852216596838e-05
1.000380305045783964e-02
6.023979384123541621e-03
-3.302574831678736257e-03
7.077069896053861386e-03
-2.294885273078467805e-03
1.131269782699654940e-02
3.714662102561480661e-03
8.033478247921516796e-03
9.867127838981845644e-03
1.244288867914680047e-02
6.555867885817793193e-03
5.167411779203138003e-03
2.362240982777040997e-03
1.240933540409981488e-02
-3.373426713230816970e-03
9.253961043034953857e-03
3.244492482448322040e-03
1.503937081985256934e-02
-2.491105204817449861e-03
-4.257438241008800264e-03
5.527069365305246895e-03
-2.113416825214278327e-03
-4.381133511306358960e-03
1.167371621094667744e-02
1.325852536158945126e-02
3.206517867219991005e-04
1.131038798952315946e-02
1.451536048220534829e-02
2.580849843637832847e-03
9.166990417776653410e-03
9.287318711885700698e-03
-2.137834207803006271e-04
8.559010842438411273e-04
3.741014449855831377e-03
6.966548700319516278e-03
-3.341885499626332662e-03
1.529106970359790261e-03
1.042833889083823878e-02
6.191371629983814448e-03
9.177252839008579952e-03
1.365563479085707931e-02
6.363246495678079664e-03
7.404451639781032234e-03
7.880008703337281189e-04
7.298889411692427789e-03
2.834225180553146765e-03
-4.947622563122483150e-03
-1.974342015043332055e-03
1.656012091188679113e-03
-3.813611048068496837e-03
-1.784722786883200614e-03
4.066388131197970664e-03
7.389940099652193839e-03
-1.465825714641378653e-03
7.240065467070398372e-03
4.184444132174719791e-03
5.625066100333738460e-03
4.241012167545289008e-04
-3.994623315479920930e-03
1.115976847541536900e-02
-1.151348967917054837e-03
1.478804281636206946e-02
4.827575510101015863e-03
6.692006918377902715e-03
4.963519481549390211e-03
1.154416482664578740e-02
1.320312075422665210e-03
9.855164802170208321e-03
-1.584671412280924414e-03
1.052236947412063181e-02
-3.857428936426367857e-03
8.382635147422531907e-03
1.282715445169781143e-02
2.477483427320495771e-03
1.008478240747797197e-02
1.426507747123426789e-02
2.985800676458753421e-03
-4.262795478589959108e-03
8.027849155823369928e-03
1.523671211412058572e-02
1.164544538702678295e-02
1.083230556514981104e-02
3.619481749499406462e-03
8.444463398709705151e-03
1.145440982410795248e-02
9.532754813462291504e-03
-4.336936736817796449e-03
