8.548469441383674816e-01
4.261131835297718995e-01
9.893127926257864191e-01
7.853422151272900775e-01
2.324587689625385867e-01
1.703355522553903212e-01
4.590751134257405885e-01
1.752548154261323043e-01
9.349117720669334330e-01
4.657730049897657043e-02
9.346120546881111490e-01
4.686088928376030971e-02
2.967588523405186862e-01
6.745866330596592686e-01
6.029725556013130205e-01
9.119065998253261807e-02
5.965335393754204185e-01
1.445496564969780406e-01
8.029477658687105279e-01
3.982170267924893814e-01
7.585079814412418742e-01
6.662326197938922556e-01
8.215690960671225840e-01
5.345800852529437597e-01
5.090865320302808694e-01
3.858314858462394970e-01
7.175890786516617714e-01
9.046417602272427416e-02
7.484880939260425414e-01
4.226579695349329535e-01
9.995369961649394064e-01
1.454978159722448705e-01
4.873240637167031153e-02
5.091341589383847621e-01
1.427012123809677790e-01
3.700354796030014271e-02
7.988717944220005140e-01
9.970428094754311132e-01
2.373055190034700779e-01
8.278475311812717452e-01
9.619425076063240487e-01
3.872729149402206472e-01
7.039385233120963870e-01
6.304403609907244244e-01
2.649816286719824943e-01
2.968522054318980530e-01
4.235536554358110273e-01
6.086124669296310019e-01
9.808091884571512598e-02
3.314569789279924183e-01
8.052144162315880704e-01
5.382768662114845171e-01
7.637754632016539036e-01
8.853882223793897444e-01
5.667740103138287910e-01
5.417441222722613192e-01
3.364621124832117838e-01
6.178752906692487334e-01
4.060195713731720168e-01
1.732658060506586661e-02
1.777191584739326036e-01
3.571067339456371892e-01
7.205008137153001702e-02
1.494028606724971953e-01
4.814877126971376375e-01
5.835630651250869327e-01
1.793564251256847264e-01
5.617860687361627692e-01
5.017858025708400449e-01
5.446094472825431243e-01
2.573619554451754832e-01
4.291732801056924451e-02
8.377835163627423976e-01
2.318562557817775982e-01
9.776495506242934841e-01
5.299142960931002566e-01
5.781334793156751584e-01
5.352625121293482779e-01
8.372458862536205082e-01
3.162862834858570782e-01
7.484408557912315407e-01
2.008041755429025299e-01
7.364702743960026554e-01
4.872758573594704323e-02
7.042087529572637061e-01
9.083897045417578253e-01
4.131617003296969015e-01
7.804889499014998622e-01
8.993346052068348362e-01
3.615041214177007189e-01
3.760404590850496831e-02
6.811317246857675478e-01
9.969113361181963784e-01
8.673413841975156080e-01
7.869759356645212867e-01
4.462758303290749184e-01
6.967030810768133353e-01
8.831134575063870340e-01
7.232478354580753610e-01
1.689186143414200814e-02
